0 0.787321 0.156775 0.096115 0.043225
0 0.789110 0.212521 0.074131 0.060034
0 0.792945 0.316810 0.087935 0.114923
0 0.787577 0.432762 0.086401 0.095026
0 0.778885 0.551115 0.097648 0.099142
0 0.775562 0.674099 0.113497 0.102230
0 0.764059 0.764151 0.097648 0.067581
0 0.767894 0.853859 0.113497 0.086449
0 0.683793 0.178902 0.100716 0.079245
0 0.687372 0.273928 0.103783 0.081304
0 0.693763 0.374099 0.122699 0.106690
0 0.684305 0.474099 0.103783 0.088508
0 0.671268 0.576329 0.119632 0.103602
0 0.665133 0.673928 0.087935 0.091595
0 0.655675 0.770326 0.106851 0.073756
0 0.643661 0.853859 0.105317 0.086449
0 0.576943 0.178388 0.109918 0.088508
0 0.572597 0.280103 0.113497 0.095026
0 0.573620 0.395369 0.111452 0.116981
0 0.563395 0.503602 0.108384 0.103602
0 0.559305 0.608062 0.102249 0.088851
0 0.559560 0.698285 0.094581 0.077187
0 0.549591 0.777873 0.102249 0.084048
0 0.540644 0.861407 0.118098 0.076158
0 0.453221 0.154889 0.103783 0.063465
0 0.452965 0.339280 0.122699 0.089880
0 0.461912 0.433791 0.124233 0.103259
0 0.447597 0.535334 0.115031 0.097084
0 0.442485 0.635678 0.115031 0.108405
0 0.441973 0.734648 0.106851 0.095026
0 0.426125 0.843396 0.097648 0.099142
0 0.343558 0.183533 0.108384 0.109777
0 0.337679 0.431389 0.121166 0.106690
0 0.328476 0.545111 0.103783 0.096055
0 0.336401 0.738937 0.122699 0.082333
0 0.325920 0.834991 0.118098 0.111835
0 0.233640 0.182504 0.093047 0.098113