0 0.229263 0.143224 0.155590 0.163967
0 0.226172 0.323983 0.174137 0.166733
0 0.243431 0.453576 0.097372 0.085342
0 0.227202 0.550375 0.090675 0.088503
0 0.235188 0.700316 0.177743 0.216910
0 0.255023 0.874556 0.132921 0.144212
0 0.386656 0.138285 0.105616 0.150138
0 0.403143 0.263730 0.074704 0.104702
0 0.384080 0.392928 0.166409 0.148163
0 0.408810 0.670684 0.125193 0.128408
0 0.576249 0.136902 0.156105 0.099960
0 0.584235 0.283090 0.143225 0.199526
0 0.598145 0.440735 0.124678 0.145002
0 0.599691 0.586725 0.160742 0.158040
0 0.588872 0.781509 0.175167 0.152509
0 0.744719 0.145200 0.117980 0.136310
0 0.750644 0.307191 0.133952 0.170288
0 0.789026 0.471355 0.162287 0.148558
0 0.786965 0.628803 0.170531 0.161596
0 0.827409 0.766298 0.122617 0.099170
0 0.822257 0.887594 0.114374 0.121296