0 0.697296 0.414487 0.097592 0.088620
0 0.684411 0.521910 0.154626 0.122302
0 0.712928 0.680020 0.117026 0.138326
0 0.495564 0.164977 0.143642 0.088620
0 0.463033 0.279431 0.177440 0.125245
0 0.461977 0.418901 0.122095 0.096141
0 0.450148 0.511118 0.139839 0.104644
0 0.473173 0.665631 0.149556 0.169065
0 0.468526 0.805265 0.168990 0.110203
0 0.280101 0.170536 0.137727 0.107587
0 0.282425 0.279922 0.106041 0.086985
0 0.279890 0.393558 0.125475 0.114127
0 0.287917 0.500327 0.122095 0.098103
0 0.279256 0.622302 0.112379 0.093525
0 0.278623 0.743787 0.125475 0.108241