0 1.638493 0.276866 0.089613 0.098507
0 1.655804 0.402612 0.083503 0.090299
0 1.654786 0.592537 0.091650 0.113433
0 1.687882 0.761194 0.086558 0.101493
0 1.699084 0.953358 0.135438 0.123134
0 1.496945 0.296269 0.091650 0.117910
0 1.498982 0.410448 0.089613 0.056716
0 1.504073 0.566045 0.091650 0.124627
0 1.503564 0.739552 0.104888 0.177612
0 1.524440 0.981343 0.158859 0.186567
0 1.349287 0.294776 0.132383 0.111940
0 1.359470 0.427612 0.112016 0.097015
0 1.359470 0.549254 0.081466 0.091045
0 1.336558 0.735821 0.106925 0.122388
0 1.322811 0.926119 0.095723 0.091045
0 1.204175 0.355224 0.127291 0.176119
0 1.195519 0.576866 0.114053 0.180597
0 1.186354 0.818657 0.128310 0.165672
0 1.195519 1.031343 0.109980 0.164179