0 0.591934 0.877734 0.282325 0.115308
0 0.577699 0.985089 0.282325 0.099404
0 0.578885 1.109344 0.303677 0.143141
0 0.572954 1.249503 0.272835 0.115308
0 0.578885 1.378728 0.341637 0.155070
0 0.576512 1.512922 0.322657 0.109344
0 0.567023 1.631710 0.256228 0.128231
0 0.581257 1.728628 0.327402 0.045726
0 0.575326 1.803181 0.306050 0.083499
0 0.327402 0.748509 0.265718 0.085487
0 0.315540 0.836978 0.289442 0.095427
0 0.329775 0.938370 0.270463 0.109344
0 0.308422 1.034791 0.275208 0.073559
0 0.325030 1.111332 0.241993 0.079523
0 0.313167 1.206759 0.265718 0.107356
0 0.310795 1.303181 0.241993 0.093439
0 0.306050 1.474652 0.241993 0.118290
0 0.317912 1.596918 0.256228 0.104374