0 0.604630 0.073229 0.290741 0.062454
0 0.613889 0.123265 0.261111 0.051497
0 0.645370 0.180972 0.220370 0.049306
0 0.700000 0.240687 0.244444 0.054054
0 0.724074 0.281045 0.185185 0.012783
0 0.725926 0.314098 0.274074 0.048210
0 0.735185 0.371622 0.255556 0.052958
0 0.726852 0.412162 0.261111 0.039810
0 0.701852 0.452155 0.274074 0.044558
0 0.681481 0.509861 0.244444 0.058437
0 0.325000 0.059898 0.279630 0.058437
0 0.384259 0.117421 0.220370 0.068298
0 0.425000 0.184441 0.231481 0.042367
0 0.473148 0.225895 0.231481 0.033966
0 0.503704 0.277940 0.255556 0.048210
0 0.738889 0.595873 0.262963 0.076333
0 0.693519 0.661797 0.220370 0.069394
0 0.652778 0.717677 0.172222 0.042367
0 0.646296 0.754565 0.196296 0.038714
0 0.530556 0.576516 0.168519 0.037619
0 0.357407 0.866691 0.403704 0.065741