0 1.134758 0.638769 0.113394 0.206263
0 1.138044 0.819654 0.096960 0.157667
0 1.149137 0.975702 0.084634 0.169546
0 1.170090 1.138229 0.090386 0.159827
0 1.172555 1.299676 0.116680 0.171706
0 1.177896 1.511879 0.104355 0.215983
0 1.198028 1.688445 0.111750 0.171706
0 1.032868 0.652268 0.092030 0.194384
0 1.035333 0.855832 0.088743 0.234341
0 1.049302 1.039957 0.078882 0.149028
0 1.056697 1.181965 0.098603 0.143629
0 1.058340 1.329374 0.095316 0.185745
0 1.073131 1.502160 0.095316 0.196544
0 1.082991 1.722462 0.111750 0.209503
0 0.928513 0.632829 0.095316 0.159827
0 0.925226 0.798056 0.098603 0.161987
0 0.928513 0.977322 0.110107 0.153348
0 0.940016 1.151188 0.098603 0.220302
0 0.940016 1.343413 0.096960 0.129590
0 0.951931 1.508639 0.105998 0.200864
0 0.949055 1.711663 0.100247 0.190065
0 0.820871 0.637689 0.070666 0.169546
0 0.823336 0.823434 0.093673 0.171706
0 0.818406 0.976782 0.093673 0.143629
0 0.823336 1.141469 0.100247 0.185745
0 0.835661 1.348812 0.096960 0.183585
0 0.831553 1.523758 0.095316 0.161987
0 0.833196 1.736501 0.065735 0.181425
0 0.701726 0.659827 0.115037 0.192225
0 0.718159 0.819654 0.095316 0.149028
0 0.718981 0.974082 0.116680 0.142549
0 0.723090 1.139309 0.072309 0.161987
0 0.729663 1.361231 0.095316 0.204104
0 0.595727 0.741901 0.139688 0.308855
0 0.609696 0.967603 0.088743 0.159827
0 0.620378 1.186825 0.100247 0.215983
0 0.632703 1.433045 0.124897 0.248380
0 0.613804 1.580994 0.054232 0.071274
0 0.654889 1.725162 0.073952 0.132829