0 1.587662 0.783157 0.100000 0.091945
0 1.587013 0.875509 0.111688 0.069976
0 1.591558 0.929211 0.071429 0.042311
0 1.594805 0.999186 0.093506 0.087876
0 1.450649 0.872254 0.124675 0.068348
0 1.449351 0.939788 0.093506 0.053702
0 1.451948 1.000000 0.140260 0.066721
0 1.011688 0.794955 0.106494 0.087876
0 1.012987 0.873881 0.103896 0.068348
0 1.014286 0.941416 0.103896 0.069976
0 1.021429 1.004882 0.146753 0.060212
0 0.858442 0.790073 0.106494 0.082994
0 0.862338 0.879170 0.122078 0.062653
0 0.877922 0.943450 0.140260 0.062653
0 0.887013 1.009764 0.106494 0.073230
0 0.711688 0.805940 0.114286 0.091945
0 0.715584 0.887714 0.122078 0.076485
0 0.606494 0.950366 0.075325 0.048820
0 0.623377 1.014239 0.101299 0.056143