0 1.609195 0.344917 0.178799 0.177386
0 1.609195 0.516079 0.196679 0.175311
0 1.602810 0.720954 0.130268 0.163900
0 1.596424 0.930498 0.158365 0.155602
0 1.616858 1.131743 0.212005 0.205394
0 1.593870 1.345436 0.183908 0.172199
0 1.583014 1.546680 0.162197 0.147303
0 1.567688 1.776971 0.172414 0.184647
0 1.391443 0.305498 0.195402 0.189834
0 1.402299 0.513485 0.178799 0.184647
0 1.384419 0.754149 0.245211 0.230290
0 1.371648 0.949170 0.153257 0.188797
0 1.369732 1.128631 0.144317 0.178423
0 1.397829 1.338174 0.208174 0.236515
0 1.353768 1.542531 0.189017 0.184647
0 1.343550 1.770747 0.183908 0.172199
0 1.167305 0.368257 0.209451 0.205394
0 1.167944 0.566390 0.151980 0.174274
0 1.163474 0.743257 0.176245 0.191909
0 1.161558 0.926349 0.169860 0.205394
0 1.163474 1.156639 0.171137 0.192946
0 1.162197 1.321058 0.163474 0.169087
0 1.155172 1.529046 0.182631 0.141079
0 1.125798 1.745332 0.182631 0.177386
0 0.954023 0.319502 0.227331 0.170124
0 0.959132 0.525415 0.227331 0.247925
0 0.975096 0.726141 0.187739 0.178423
0 0.956577 0.933610 0.209451 0.211618
0 0.935504 1.123444 0.169860 0.139004
0 0.941252 1.307054 0.183908 0.178423
0 0.918263 1.535270 0.178799 0.170124
0 0.900383 1.750000 0.191571 0.159751
0 0.704342 0.334025 0.131545 0.195021
0 0.742018 0.502075 0.150702 0.163900
0 0.739464 0.708506 0.102171 0.168050
0 0.731162 0.920124 0.205619 0.207469
0 0.719029 1.124481 0.166028 0.132780
0 0.759259 1.324689 0.154534 0.205394
0 0.692848 1.529046 0.266922 0.232365
0 0.684547 1.721992 0.209451 0.174274
0 0.517241 0.294606 0.212005 0.224066
0 0.537676 0.676349 0.227331 0.199170
0 0.519796 0.907676 0.222222 0.217842
0 0.514687 1.120332 0.204342 0.178423
0 0.492976 1.288382 0.206897 0.170124
0 0.461686 1.518154 0.185185 0.229253
0 0.453384 1.715768 0.194125 0.165975
0 0.320562 0.362552 0.181354 0.179461
0 0.284802 0.554979 0.227331 0.205394
0 0.296296 0.725104 0.178799 0.168050
0 0.288633 0.896784 0.227331 0.150415
0 0.286718 1.108921 0.182631 0.205394
0 0.242018 1.701245 0.208174 0.153527