0 1.139053 0.169916 0.230769 0.090994
0 1.088757 0.298514 0.260355 0.117920
0 1.127219 0.447075 0.331361 0.114206
0 1.099112 0.582637 0.292899 0.108635
0 1.116864 0.729805 0.446746 0.137419
0 1.109467 0.889508 0.396450 0.137419
0 1.144970 1.038069 0.396450 0.137419
0 1.140533 1.204271 0.452663 0.142990
0 1.171598 1.359331 0.390533 0.144847
0 1.165680 1.497214 0.390533 0.116063
0 1.100592 1.636026 0.431953 0.163417
0 0.741124 0.190344 0.346154 0.131848
0 0.692308 0.322656 0.343195 0.117920
0 0.668639 0.468431 0.378698 0.138347
0 0.693787 0.607242 0.440828 0.137419
0 0.692308 0.753018 0.378698 0.137419
0 0.687870 0.900650 0.375740 0.128134
0 0.736686 1.051532 0.366864 0.125348
0 0.733728 1.230269 0.366864 0.183844
0 0.698225 1.393686 0.349112 0.124420
0 0.715976 1.523677 0.461538 0.105850
0 0.686391 1.651811 0.378698 0.135562