0 0.517384 0.153392 0.051856 0.049453
0 0.510312 0.223195 0.053035 0.062144
0 0.518857 0.298249 0.064231 0.050328
0 0.520035 0.364989 0.067767 0.063020
0 0.521509 0.447702 0.055392 0.063020
0 0.528285 0.521444 0.057160 0.058206
0 0.518268 0.591685 0.073659 0.074398
0 0.525339 0.671772 0.072481 0.062144
0 0.515910 0.743545 0.073659 0.067396
0 0.451090 0.153173 0.070124 0.060394
0 0.449912 0.219037 0.063052 0.057330
0 0.445197 0.294530 0.074838 0.075274
0 0.435769 0.384026 0.074838 0.077462
0 0.431644 0.460832 0.065410 0.060394
0 0.431055 0.526915 0.071302 0.059519
0 0.426930 0.606346 0.070124 0.057330
0 0.416912 0.668709 0.064231 0.059519
0 0.420742 0.751641 0.086034 0.079212