0 0.329522 0.304321 0.189189 0.267803
0 0.334719 0.551430 0.128898 0.131467
0 0.353950 0.878271 0.225572 0.483262
0 0.330561 1.341449 0.182952 0.238588
0 0.336798 1.590992 0.182952 0.209373
0 0.623181 0.272672 0.215177 0.228850
0 0.645530 0.547778 0.168399 0.279976
0 0.648649 0.831406 0.201663 0.289714
0 0.694387 1.164942 0.257796 0.382228
0 0.687110 1.510651 0.197505 0.221546
0 0.983888 0.277541 0.221414 0.243457
0 1.029106 0.571516 0.270270 0.327450
0 1.005717 0.998174 0.285863 0.379793
0 1.001040 1.396226 0.247401 0.318929
0 1.348233 0.423615 0.309771 0.564820
0 1.332640 1.009130 0.228690 0.528302
0 1.330042 1.455873 0.221414 0.409008
0 1.598233 0.271455 0.161123 0.289714
0 1.623701 0.536823 0.182952 0.226415
0 1.644491 0.825320 0.187110 0.297018
0 1.639293 1.214242 0.172557 0.281193
0 1.656445 1.614121 0.240125 0.413877
0 1.797817 0.303713 0.163202 0.325015
0 1.817568 0.776628 0.150728 0.328667
0 1.832640 1.138162 0.130977 0.216677
0 1.827443 1.458308 0.124740 0.214242