0 1.069040 0.450689 0.148867 0.226997
0 1.049622 0.650138 0.179072 0.165289
0 1.072276 0.891460 0.155340 0.198347
0 1.064186 1.119559 0.139159 0.207163
0 1.051780 1.326722 0.127292 0.224793
0 1.031823 1.625344 0.229773 0.346006
0 0.886731 0.403306 0.209277 0.224793
0 0.869471 0.628099 0.168285 0.200551
0 0.870550 0.829752 0.163970 0.187328
0 0.854369 1.093113 0.125135 0.207163
0 0.834951 1.422590 0.183387 0.304132
0 0.851133 1.681543 0.163970 0.229201
0 0.673679 0.314050 0.119741 0.165289
0 0.662352 0.509091 0.161812 0.233609
0 0.647789 0.727824 0.139159 0.181818
0 0.636462 1.001653 0.155340 0.253444
0 0.634304 1.275482 0.189860 0.294215
0 0.633225 1.602204 0.187702 0.365840
0 0.477886 0.374656 0.174757 0.229201
0 0.453074 0.628099 0.194175 0.266667
0 0.429342 1.063361 0.181230 0.226997
0 0.416397 1.399449 0.207120 0.238017
0 0.395361 1.668320 0.158576 0.222590