0 0.812119 0.089935 0.180877 0.054986
0 0.827954 0.150823 0.149208 0.069897
0 0.837089 0.234390 0.137028 0.102206
0 0.852314 0.330382 0.139464 0.109661
0 0.865713 0.429792 0.156516 0.095993
0 0.873021 0.532929 0.146772 0.115874
0 0.873021 0.634824 0.132156 0.084809
0 0.864495 0.732370 0.134592 0.097235
0 0.856577 0.832091 0.144336 0.082324
0 0.669001 0.104846 0.134592 0.077353
0 0.698234 0.193383 0.173569 0.087294
0 0.700670 0.295589 0.144336 0.109661
0 0.701888 0.393756 0.151644 0.095993
0 0.714068 0.483846 0.146772 0.084809
0 0.725030 0.570208 0.124848 0.087294
0 0.721376 0.655638 0.166261 0.093507
0 0.723812 0.739826 0.176005 0.084809
0 0.535627 0.121000 0.146772 0.099720
0 0.551462 0.219789 0.149208 0.109661
0 0.556334 0.323858 0.163825 0.100963
0 0.553898 0.420472 0.158952 0.097235
0 0.573386 0.509009 0.158952 0.087294
0 0.583130 0.591333 0.197929 0.094750
0 0.563642 0.674278 0.173569 0.078596
0 0.564860 0.759087 0.156516 0.093507
0 0.378197 0.135446 0.237515 0.131097
0 0.399817 0.241845 0.168697 0.097235
0 0.413216 0.368748 0.171133 0.143523
0 0.410780 0.478254 0.161389 0.093507
0 0.410780 0.561199 0.166261 0.082324
0 0.426614 0.676297 0.158952 0.134824
0 0.410475 0.808481 0.142509 0.107176
0 0.204324 0.141193 0.178441 0.107797
0 0.223203 0.237807 0.185749 0.093507
0 0.237211 0.335508 0.176005 0.097546
0 0.262789 0.422957 0.183313 0.082324
0 0.254263 0.538832 0.190621 0.151911
0 0.260353 0.656881 0.202801 0.081081