0 0.916507 0.364628 0.078695 0.059213
0 0.927063 0.420335 0.076775 0.058434
0 0.938580 0.476821 0.067179 0.052980
0 0.945777 0.525127 0.083493 0.065446
0 0.952975 0.583171 0.086372 0.067783
0 0.969290 0.645890 0.076775 0.070121
0 0.970729 0.705882 0.071977 0.062330
0 0.969290 0.746397 0.065259 0.031165
0 0.973129 0.772887 0.072937 0.037398
0 0.975048 0.809505 0.080614 0.043631
0 0.976008 0.861317 0.082534 0.067783
0 0.976967 0.913518 0.072937 0.047526
0 0.976967 0.945851 0.084453 0.037398
0 0.978407 0.984028 0.083493 0.052980
0 0.978887 1.042462 0.072937 0.059213
0 0.981766 1.094663 0.082534 0.057655
0 0.975048 1.138683 0.076775 0.047526
0 0.976967 1.184262 0.072937 0.059213
0 0.976488 1.242306 0.091171 0.053759
0 0.964012 1.289832 0.096929 0.045968
0 0.966411 1.340086 0.078695 0.063888
0 0.955854 1.400857 0.080614 0.065446
0 0.953455 1.455006 0.083493 0.053759
0 0.946257 1.500974 0.080614 0.047526
0 0.931862 1.546942 0.084453 0.044410
0 0.929942 1.590573 0.088292 0.058434
0 0.924184 1.651734 0.094050 0.077912
0 0.911708 1.714842 0.082534 0.052980
0 0.903071 1.767043 0.082534 0.049864
0 0.896833 1.813790 0.091171 0.051422
0 0.880518 1.864044 0.085413 0.066225
0 0.222649 0.388781 0.084453 0.051422
0 0.228887 0.448773 0.077735 0.068563
0 0.239923 0.561745 0.074856 0.060771
0 0.240883 0.610440 0.074856 0.053759
0 0.244722 0.660693 0.082534 0.059213
0 0.252399 0.716011 0.082534 0.057655
0 0.251440 0.771718 0.095969 0.063109
0 0.254319 0.823529 0.094050 0.057655
0 0.253359 0.873393 0.074856 0.051422
0 0.251919 0.932996 0.083493 0.074016
0 0.251440 0.997273 0.088292 0.074795
0 0.250000 1.061940 0.077735 0.076354
0 0.248081 1.111804 0.091171 0.043631
0 0.238484 1.158940 0.071977 0.055317
0 0.241843 1.255941 0.063340 0.063888