0 1.805279 0.431868 0.260411 0.516484
0 1.796481 1.018681 0.233431 0.432967
0 1.759531 1.625824 0.229912 0.467033
0 1.427566 0.410989 0.190029 0.516484
0 1.411144 1.024176 0.211144 0.503297
0 1.402933 1.642857 0.265103 0.483516
0 1.047507 0.400000 0.295601 0.470330
0 1.047507 0.995604 0.260411 0.470330
0 1.015836 1.595055 0.206452 0.495604
0 0.632845 0.396703 0.242815 0.479121
0 0.615836 0.997253 0.260411 0.500000
0 0.631085 1.595604 0.265103 0.421978
0 0.242815 0.378571 0.246334 0.467033
0 0.233431 1.019780 0.255718 0.503297
0 0.201173 1.606593 0.242815 0.470330