0 1.237433 0.748792 0.250267 0.190476
0 1.205348 0.942719 0.250267 0.190476
0 1.171123 1.115252 0.164706 0.135266
0 1.126203 1.316080 0.250267 0.190476
0 1.126203 1.474120 0.250267 0.190476
0 0.959358 0.698413 0.250267 0.190476
0 0.915508 0.906832 0.250267 0.190476
0 0.893048 1.301587 0.250267 0.190476
0 0.842781 1.501035 0.260963 0.244306
0 0.681283 0.701863 0.284492 0.204279
0 0.645989 0.904762 0.211765 0.215321
0 0.597861 1.148723 0.250267 0.229814
0 0.593583 1.360939 0.228877 0.172533
0 0.581818 1.540718 0.250267 0.158040
0 0.403743 0.671498 0.217112 0.222222
0 0.406417 0.894065 0.211765 0.222912
0 0.367914 1.093168 0.222460 0.168392
0 0.372193 1.263630 0.222460 0.172533
0 0.359358 1.486888 0.239572 0.229814