0 0.589178 0.351759 0.304609 0.144054
0 0.679359 0.479481 0.316633 0.099665
0 0.743487 0.559464 0.252505 0.068677
0 0.787575 0.660804 0.256513 0.103853
0 0.829659 0.756281 0.240481 0.067002
0 0.853707 0.877722 0.240481 0.113903
0 0.857715 0.970687 0.280561 0.063652
0 0.871743 1.063652 0.236473 0.097152
0 0.851703 1.161642 0.260521 0.087102
0 0.835671 1.283082 0.284569 0.100503
0 0.781563 1.400335 0.288577 0.110553
0 0.741483 1.500000 0.264529 0.088777
0 0.693387 1.615578 0.272545 0.105528
0 0.589178 1.736181 0.272545 0.115578