0 0.738404 0.183375 0.099443 0.095268
0 0.753061 0.327677 0.117625 0.137920
0 0.756957 0.471513 0.139518 0.121731
0 0.772913 0.615349 0.129870 0.112391
0 0.794249 0.770237 0.148052 0.188045
0 0.595362 0.210461 0.136920 0.145081
0 0.608349 0.413605 0.168831 0.172790
0 0.609833 0.576743 0.138404 0.106787
0 0.616512 0.746108 0.135436 0.132316
0 0.424304 0.218711 0.135436 0.156600
0 0.418924 0.393369 0.149165 0.132316
0 0.425974 0.564446 0.132839 0.168120
0 0.428015 0.752802 0.175510 0.176214
0 0.251391 0.218088 0.124304 0.148506
0 0.246197 0.441936 0.168831 0.167186
0 0.253432 0.600249 0.120223 0.103362
0 0.259184 0.765722 0.095362 0.139166