0 1.709227 0.273824 0.130901 0.224367
0 1.710300 0.454162 0.107296 0.129071
0 1.714592 0.612183 0.145923 0.184560
0 1.719957 0.782871 0.103004 0.123040
0 1.711373 0.916767 0.118026 0.132690
0 1.718884 1.199035 0.068670 0.144753
0 1.727468 1.384801 0.137339 0.207479
0 1.729077 1.557298 0.080472 0.132690
0 1.730687 1.726176 0.113734 0.205066
0 1.531116 0.229192 0.100858 0.135103
0 1.520386 0.378770 0.087983 0.159228
0 1.530043 0.540410 0.113734 0.168878
0 1.532725 0.738239 0.125536 0.205066
0 1.545064 0.933655 0.120172 0.173703
0 1.547210 1.096502 0.111588 0.142340
0 1.561159 1.250905 0.143777 0.185766
0 1.551502 1.412545 0.120172 0.120627
0 1.564378 1.583836 0.128755 0.195416
0 1.554185 1.774427 0.129828 0.193004
0 1.362661 0.255127 0.124464 0.211098
0 1.383047 0.419783 0.094421 0.120627
0 1.371245 0.558504 0.090129 0.164053
0 1.377682 0.721954 0.113734 0.141134
0 1.384657 0.884801 0.099785 0.162847
0 1.391631 1.039807 0.124464 0.156815
0 1.399678 1.224367 0.134120 0.195416
0 1.385193 1.411339 0.122318 0.173703
0 1.407725 1.585042 0.120172 0.156815
0 1.400215 1.744270 0.109442 0.144753
0 1.210300 0.569361 0.107296 0.173703
0 1.221030 0.728589 0.137339 0.139928
0 1.222639 0.878166 0.110515 0.154403
0 1.232833 1.056695 0.139485 0.193004
0 1.228541 1.218335 0.090129 0.137515
0 1.231760 1.365501 0.085837 0.130277
0 1.238734 1.553679 0.099785 0.207479
0 1.240343 1.734620 0.143777 0.149578
0 1.037554 0.265983 0.083691 0.184560
0 1.041845 0.433052 0.096567 0.127865
0 1.027897 0.604946 0.111588 0.201448
0 1.064378 0.768396 0.085837 0.137515
0 1.061159 0.920989 0.090129 0.150784
0 1.066524 1.082027 0.111588 0.156815
0 1.048283 1.238842 0.096567 0.166466
0 1.053648 1.424608 0.137339 0.185766
0 1.049893 1.583836 0.091202 0.132690
0 1.065451 1.756936 0.139485 0.223160
0 0.868026 0.542220 0.092275 0.167672
0 0.888412 0.985525 0.150215 0.171291
0 0.889485 1.576598 0.105150 0.173703
0 0.892704 1.752714 0.120172 0.166466
0 0.707082 0.201448 0.148069 0.185766
0 0.690987 0.414958 0.141631 0.176116
0 0.694206 0.603136 0.135193 0.183353
0 0.689914 0.787696 0.135193 0.195416
0 0.712446 0.977081 0.150215 0.183353
0 0.717275 1.152593 0.091202 0.141134
0 0.724249 1.328709 0.152361 0.206273
0 0.728541 1.520507 0.126609 0.184560
0 0.717811 1.739445 0.113734 0.183353
0 0.534335 0.196019 0.137339 0.141134
0 0.538627 0.352232 0.098712 0.144753
0 0.536481 0.498191 0.128755 0.151990
0 0.539700 0.699638 0.118026 0.234017
0 0.549356 0.898673 0.098712 0.151990
0 0.553648 1.047648 0.124464 0.145959
0 0.549356 1.195416 0.115880 0.156815
0 0.551502 1.322075 0.064378 0.096502
0 0.554185 1.437877 0.099785 0.120627
0 0.562232 1.563932 0.107296 0.112183
0 0.563841 1.724367 0.144850 0.201448
0 0.373927 0.173100 0.125536 0.141134
0 0.375536 0.323281 0.128755 0.164053
0 0.382511 0.468637 0.099785 0.112183
0 0.385193 0.598311 0.130901 0.149578
0 0.386266 0.753920 0.120172 0.156815
0 0.386266 0.927624 0.130901 0.195416
0 0.389485 1.115802 0.135193 0.142340
0 0.401288 1.267793 0.154506 0.156815
0 0.401288 1.437877 0.128755 0.173703
0 0.393777 1.595899 0.113734 0.156815
0 0.399678 1.737033 0.099785 0.130277
0 0.198498 0.190591 0.118026 0.154403
0 0.214592 0.386007 0.145923 0.238842
0 0.221030 0.601930 0.143777 0.195416
0 0.222103 0.812425 0.135193 0.201448
0 0.219421 1.063932 0.159871 0.289505
0 0.231760 1.297949 0.133047 0.183353
0 0.242489 1.490953 0.150215 0.212304
0 0.232833 1.697226 0.137339 0.183353