0 0.714228 0.206268 0.124390 0.077259
0 0.710976 0.280126 0.124390 0.080175
0 0.697154 0.358844 0.126016 0.073372
0 0.703659 0.445821 0.119512 0.100583
0 0.697967 0.533528 0.124390 0.083576
0 0.702033 0.606414 0.132520 0.064140
0 0.700407 0.674198 0.135772 0.061710
0 0.700407 0.752672 0.129268 0.101069
0 0.600407 0.207726 0.113008 0.068513
0 0.602846 0.280369 0.108130 0.059281
0 0.593496 0.349125 0.102439 0.063654
0 0.592276 0.433916 0.113008 0.094266
0 0.589024 0.534014 0.113008 0.102041
0 0.584146 0.613217 0.119512 0.060253
0 0.588211 0.682216 0.108130 0.077745
0 0.580081 0.752915 0.108130 0.061710
0 0.500000 0.217687 0.100813 0.060253
0 0.498780 0.280855 0.111382 0.049563
0 0.494715 0.354713 0.103252 0.092323
0 0.490650 0.448251 0.111382 0.083090
0 0.481707 0.540087 0.114634 0.072400
0 0.474390 0.597668 0.129268 0.044704
0 0.476016 0.663508 0.116260 0.085034
0 0.471138 0.746599 0.109756 0.065598
0 0.393902 0.211613 0.130894 0.080175
0 0.392276 0.289602 0.127642 0.081633
0 0.385772 0.363460 0.127642 0.076774
0 0.384959 0.433188 0.116260 0.069485