0 0.768792 0.598337 0.039962 0.104931
0 0.771646 0.689507 0.048525 0.067087
0 0.773787 0.782397 0.049952 0.094610
0 0.704329 0.588016 0.057564 0.087729
0 0.706946 0.691227 0.048525 0.094610
0 0.703140 0.775516 0.037108 0.073968
0 0.487869 0.209002 0.041389 0.070528
0 0.490010 0.293005 0.042816 0.075688
0 0.492150 0.380734 0.038535 0.058486
0 0.494291 0.460722 0.048525 0.091170
0 0.444339 0.209862 0.037108 0.065367
0 0.444339 0.294151 0.037108 0.065367
0 0.439343 0.379014 0.049952 0.075688
0 0.435062 0.459002 0.044244 0.056766