0 0.780008 0.165436 0.173427 0.119350
0 0.765935 0.317282 0.145281 0.128213
0 0.769454 0.510487 0.148179 0.178434
0 0.769247 0.654357 0.088990 0.109306
0 0.793460 0.766322 0.121689 0.108124
0 0.580919 0.186854 0.156043 0.172821
0 0.591060 0.348892 0.126656 0.120532
0 0.609065 0.510487 0.127897 0.155982
0 0.616515 0.653767 0.129553 0.119350
0 0.610927 0.776957 0.137417 0.118168
0 0.402939 0.176219 0.127897 0.142688
0 0.414735 0.351256 0.110927 0.118168
0 0.394454 0.466617 0.168874 0.121418
0 0.369619 0.625849 0.135762 0.143870
0 0.371896 0.775923 0.131209 0.111374
0 0.234065 0.190694 0.143626 0.145052
0 0.239859 0.353028 0.145281 0.130576
0 0.209230 0.501625 0.143626 0.147120
0 0.193502 0.630281 0.131209 0.101329
0 0.199296 0.738405 0.117136 0.114919