0 0.671502 0.274783 0.140554 0.146087
0 0.678594 0.408986 0.105738 0.128696
0 0.690200 0.542319 0.126370 0.126377
0 0.677950 0.695362 0.158607 0.135652
0 0.504513 0.140870 0.134107 0.144928
0 0.507092 0.280725 0.131528 0.106957
0 0.514184 0.419420 0.130239 0.165797
0 0.514184 0.580580 0.119923 0.135652
0 0.509671 0.707101 0.110896 0.115072
0 0.326241 0.162319 0.128949 0.164638
0 0.358801 0.323188 0.123791 0.156522
0 0.348485 0.462899 0.121212 0.120580
0 0.349774 0.584638 0.126370 0.125217
0 0.358801 0.713043 0.108317 0.135652