0 1.299873 0.303743 0.200762 0.237433
0 1.310673 0.540642 0.191868 0.191444
0 1.317662 0.819251 0.149936 0.201070
0 1.341804 1.023529 0.157560 0.177540
0 1.349428 1.292513 0.157560 0.195722
0 1.381830 1.586631 0.191868 0.264171
0 1.083863 0.300535 0.200762 0.211765
0 1.083863 0.551872 0.152478 0.158289
0 1.094028 0.783957 0.172808 0.207487
0 1.110546 1.020321 0.167726 0.192513
0 1.141042 1.322995 0.165184 0.224599
0 1.138501 1.577005 0.208386 0.197861
0 0.834816 0.267380 0.157560 0.151872
0 0.843710 0.527273 0.157560 0.168984
0 0.852605 0.790374 0.144854 0.168984
0 0.874841 1.037433 0.196950 0.235294
0 0.872935 1.314973 0.231258 0.326203
0 0.880559 1.641711 0.200762 0.314439
0 0.602287 0.344920 0.223634 0.234225
0 0.606099 0.670588 0.200762 0.293048
0 0.634689 1.012834 0.212198 0.250267
0 0.640407 1.351337 0.223634 0.253476
0 0.641677 1.617112 0.216010 0.205348