0 1.577236 0.254580 0.307136 0.253640
0 1.576332 0.465946 0.261969 0.150305
0 1.524842 0.661343 0.260163 0.172851
0 1.565492 0.882104 0.319783 0.216064
0 1.555556 1.083138 0.285456 0.193518
0 1.571816 1.314232 0.325203 0.219822
0 1.582656 1.526538 0.231256 0.204791
0 1.580849 1.718178 0.213189 0.193518
0 1.255646 0.217003 0.278229 0.186003
0 1.221319 0.442931 0.231256 0.230155
0 1.238482 0.658995 0.236676 0.207609
0 1.235772 0.885862 0.310750 0.187882
0 1.262873 1.098168 0.242096 0.214185
0 1.264679 1.304838 0.252936 0.169093
0 1.266486 1.510568 0.292683 0.216064
0 1.283650 1.721465 0.327010 0.224519
0 0.948509 0.232973 0.307136 0.255519
0 0.919603 0.438234 0.292683 0.153124
0 0.934056 0.655237 0.242096 0.215124
0 0.937669 0.873650 0.126468 0.163457
0 0.944896 1.284641 0.278229 0.147487
0 0.976513 1.520902 0.334237 0.212306
0 1.009937 1.725693 0.285456 0.225458
0 0.620596 0.221231 0.352304 0.235791
0 0.634146 0.437764 0.271003 0.186003
0 0.617886 0.653358 0.224029 0.171912
0 0.618790 0.885862 0.327010 0.169093
0 0.639566 1.080319 0.296296 0.170972
0 0.644986 1.256928 0.242096 0.129638
0 0.654020 1.364960 0.238482 0.108971
0 0.317073 0.224519 0.200542 0.180366
0 0.343270 0.458431 0.310750 0.246125
0 0.352304 0.676374 0.285456 0.212306
0 0.359530 0.875998 0.234869 0.166275
0 0.361337 1.503992 0.303523 0.216064
0 0.366757 1.708783 0.256549 0.169093