0 1.576754 0.236630 0.390351 0.210898
0 1.562500 0.431887 0.247807 0.165489
0 1.551535 0.614026 0.339912 0.180626
0 1.567982 0.818365 0.412281 0.232089
0 1.589912 1.057518 0.302632 0.246216
0 1.605263 1.209384 0.228070 0.087790
0 1.586623 1.355197 0.366228 0.199798
0 1.576754 1.578708 0.311404 0.180626
0 1.217105 0.235116 0.350877 0.244198
0 1.176535 0.435419 0.300439 0.164480
0 1.196272 0.667508 0.313596 0.229062
0 1.188596 0.904137 0.333333 0.217962
0 1.241228 1.140262 0.394737 0.219980
0 1.230263 1.384460 0.381579 0.244198
0 1.218202 1.590313 0.287281 0.177598
0 0.796053 0.261857 0.407895 0.253280
0 0.787281 0.512614 0.364035 0.258325
0 0.826754 0.821393 0.390351 0.339051
0 0.826754 1.098385 0.372807 0.198789
0 0.812500 1.283552 0.313596 0.173562
0 0.811404 1.452069 0.280702 0.163471
0 0.819079 1.660949 0.353070 0.256307
0 0.390351 0.251261 0.456140 0.159435
0 0.399123 0.491423 0.372807 0.304743
0 0.417763 0.796165 0.353070 0.242180
0 0.429825 1.044904 0.368421 0.216953
0 0.442982 1.256307 0.372807 0.217962
0 0.447368 1.460141 0.324561 0.191726
0 0.438596 1.655903 0.385965 0.215943