0 0.842774 0.172630 0.125364 0.151236
0 0.844440 0.326632 0.125364 0.091848
0 0.819867 0.474917 0.110371 0.094799
0 0.798209 0.647363 0.123698 0.152711
0 0.796543 0.799152 0.117035 0.136112
0 0.789879 0.891737 0.063723 0.049059
0 0.691170 0.151789 0.127030 0.136112
0 0.690337 0.329030 0.155352 0.191073
0 0.677843 0.525821 0.123698 0.140539
0 0.667014 0.691073 0.112037 0.118406
0 0.643690 0.847289 0.142024 0.137956
0 0.502915 0.139985 0.095377 0.136112
0 0.479592 0.298414 0.158684 0.168941
0 0.457934 0.490409 0.125364 0.140539
0 0.458767 0.680007 0.153686 0.167097
0 0.477093 0.851162 0.130362 0.139063
0 0.307372 0.122280 0.091628 0.100701
0 0.316535 0.285872 0.134111 0.182221
0 0.303832 0.485061 0.112037 0.180745
0 0.299667 0.694024 0.130362 0.216525
0 0.294044 0.855588 0.155768 0.130210
0 0.176801 0.168204 0.122032 0.133530
0 0.158476 0.376983 0.145356 0.171892
0 0.170970 0.585024 0.127030 0.214681
0 0.161808 0.742530 0.092045 0.101807
0 0.158476 0.863703 0.102041 0.099225