0 0.724070 0.234390 0.100783 0.184011
0 0.722847 0.415428 0.103229 0.174760
0 0.724070 0.589528 0.100783 0.173439
0 0.720646 0.764453 0.107632 0.167162
0 0.637965 0.235382 0.093933 0.191939
0 0.634785 0.417080 0.096380 0.165510
0 0.634785 0.591840 0.082681 0.178064
0 0.626957 0.765279 0.089530 0.168814
0 0.556751 0.234390 0.087084 0.187314
0 0.535959 0.416089 0.091487 0.170135
0 0.542808 0.594318 0.091487 0.176412
0 0.537427 0.765940 0.075832 0.170135
0 0.456947 0.233069 0.089041 0.187314
0 0.454990 0.413280 0.093933 0.176412
0 0.455724 0.587215 0.105186 0.168814
0 0.449119 0.762141 0.087084 0.181037
0 0.367661 0.230426 0.098337 0.191939
0 0.365460 0.412289 0.107632 0.178394
0 0.364237 0.585563 0.086595 0.174760
0 0.364237 0.759828 0.091487 0.179716
0 0.278376 0.227453 0.093933 0.179386
0 0.272750 0.413280 0.082681 0.176412
0 0.280577 0.587215 0.098337 0.168814