0 1.587662 0.262136 0.298701 0.245955
0 1.558442 0.500000 0.237013 0.162891
0 1.548701 0.699569 0.175325 0.182309
0 1.562500 0.941208 0.245130 0.203883
0 1.565747 1.164509 0.245130 0.227616
0 1.599838 1.349515 0.212662 0.148867
0 1.602273 1.605178 0.204545 0.185545
0 1.269481 0.247033 0.292208 0.235167
0 1.265422 0.468177 0.180195 0.163970
0 1.269481 0.694714 0.224026 0.172600
0 1.259740 0.936354 0.266234 0.258900
0 1.277597 1.169903 0.230519 0.203883
0 1.288961 1.395361 0.269481 0.227616
0 1.308442 1.626753 0.240260 0.207120
0 1.027597 0.216828 0.237013 0.222222
0 1.016234 0.471413 0.220779 0.209277
0 0.995130 0.691478 0.301948 0.198490
0 0.983766 0.937972 0.256494 0.227616
0 0.987825 1.131607 0.241883 0.144552
0 1.000000 1.319310 0.292208 0.235167
0 1.012987 1.605717 0.253247 0.203883
0 0.728896 0.218986 0.282468 0.241640
0 0.733766 0.456311 0.279221 0.230852
0 0.676948 0.703344 0.285714 0.252427
0 0.686688 0.934196 0.262987 0.215750
0 0.680195 1.107875 0.224026 0.161812
0 0.715097 1.292341 0.277597 0.211435
0 0.692370 1.462783 0.209416 0.163970
0 0.711039 1.659115 0.227273 0.194175
0 0.409091 0.207659 0.285714 0.225458
0 0.400974 0.447681 0.282468 0.248112
0 0.402597 0.656958 0.227273 0.168285
0 0.392045 0.892125 0.212662 0.153182
0 0.413149 1.107875 0.306818 0.213592
0 0.375812 1.333333 0.310065 0.211435
0 0.379058 1.549083 0.290584 0.215750