0 0.811659 0.871506 0.209865 0.116321
0 0.827803 0.962579 0.191928 0.060415
0 0.839462 1.021641 0.236771 0.063120
0 0.844843 1.086564 0.165022 0.054103
0 0.844843 1.142471 0.150673 0.045086
0 0.846637 1.206041 0.193722 0.069432
0 0.849327 1.284941 0.191928 0.091975
0 0.825112 1.369702 0.200897 0.073940
0 0.818834 1.447250 0.181166 0.073940
0 0.772197 1.525699 0.181166 0.090171
0 0.771300 1.597385 0.179372 0.053201
0 0.730942 1.667268 0.177578 0.084761
0 0.689686 1.743463 0.195516 0.071235
0 0.631390 1.832281 0.186547 0.111812