0 0.498161 0.125650 0.111403 0.134001
0 0.501839 0.259280 0.152391 0.087973
0 0.502627 0.439495 0.132948 0.140312
0 0.518917 0.596882 0.165528 0.146251
0 0.518129 0.754640 0.168156 0.141797
0 0.390173 0.105605 0.078297 0.075353
0 0.394903 0.231997 0.100368 0.038604
0 0.381766 0.294172 0.100368 0.049369
0 0.389385 0.346511 0.085129 0.052339
0 0.392275 0.398849 0.108776 0.033779
0 0.382817 0.496659 0.076195 0.118782
0 0.390173 0.584447 0.078297 0.035264
0 0.391224 0.647550 0.076195 0.087973
0 0.373095 0.725687 0.060956 0.061618
0 0.385970 0.783222 0.078297 0.044543
0 0.397793 0.840200 0.093537 0.047884
0 0.175250 0.144581 0.155018 0.129547
0 0.175775 0.311247 0.137152 0.132517