0 0.630676 0.110834 0.080069 0.086794
0 0.632062 0.222448 0.091161 0.113956
0 0.635182 0.310802 0.093241 0.064627
0 0.630503 0.415548 0.096360 0.131751
0 0.636742 0.550578 0.092201 0.093350
0 0.627556 0.663909 0.080069 0.083359
0 0.645234 0.764440 0.146620 0.132688
0 0.634142 0.878707 0.103640 0.100843
0 0.516118 0.122541 0.102600 0.113956
0 0.528596 0.241648 0.090121 0.092413
0 0.530849 0.342491 0.082149 0.092413
0 0.524957 0.447549 0.091161 0.108336
0 0.520451 0.558539 0.082149 0.094287
0 0.509532 0.663128 0.074870 0.107399
0 0.509879 0.767249 0.088042 0.087730
0 0.513345 0.873088 0.107452 0.120824
0 0.419757 0.118795 0.090121 0.108336
0 0.420277 0.239307 0.084229 0.113956
0 0.412998 0.371214 0.109879 0.112395
0 0.402080 0.469716 0.096360 0.105838
0 0.397747 0.583359 0.101560 0.115829
0 0.402773 0.692632 0.085269 0.093350
0 0.303640 0.142367 0.094281 0.126132
0 0.304679 0.275367 0.115078 0.122385
0 0.304333 0.404777 0.090121 0.130815
0 0.297920 0.556197 0.078683 0.143928
0 0.290121 0.672963 0.081802 0.100843
0 0.283882 0.772869 0.119237 0.106463
0 0.281802 0.877303 0.094281 0.098033