0 1.574614 0.366740 0.343053 0.264317
0 1.526587 0.616189 0.308748 0.221366
0 1.480274 0.825991 0.277873 0.162996
0 1.472556 1.003855 0.283019 0.188326
0 1.452830 1.158590 0.271012 0.101322
0 1.466552 1.295705 0.257290 0.175110
0 1.485420 1.506608 0.336192 0.229075
0 1.481990 1.731278 0.253859 0.224670
0 1.144082 0.283040 0.229846 0.112335
0 1.116638 0.424009 0.229846 0.165198
0 1.112350 0.625551 0.392796 0.246696
0 1.072899 0.854075 0.293310 0.179515
0 1.060034 1.102423 0.267581 0.275330
0 1.104631 1.393172 0.329331 0.259912
0 1.099485 1.669604 0.401372 0.268722
0 0.790738 0.352423 0.353345 0.277533
0 0.747856 0.621145 0.329331 0.229075
0 0.692967 0.889317 0.356775 0.307269
0 0.708405 1.193833 0.332762 0.277533
0 0.706690 1.461454 0.281304 0.226872
0 0.716981 1.709251 0.315609 0.277533
0 0.432247 0.366740 0.315609 0.264317
0 0.389365 0.643172 0.284734 0.237885
0 0.376501 0.938326 0.293310 0.264317
0 0.346484 1.265419 0.315609 0.288546
0 0.383362 1.657489 0.351630 0.295154