0 0.566688 0.090695 0.146525 0.104132
0 0.578585 0.195331 0.105197 0.084985
0 0.579524 0.280820 0.129618 0.085321
0 0.601127 0.382096 0.112711 0.105811
0 0.640576 0.487907 0.176581 0.104468
0 0.639950 0.630333 0.125235 0.113201
0 0.642768 0.770574 0.122104 0.124958
0 0.654978 0.867484 0.098936 0.077595
0 0.382905 0.097581 0.208516 0.130668
0 0.341578 0.193987 0.090795 0.078939
0 0.343770 0.297279 0.113964 0.107491
0 0.355041 0.439033 0.189105 0.171313
0 0.362242 0.580282 0.133375 0.109170
0 0.357858 0.698186 0.167188 0.123278
0 0.355667 0.824488 0.192862 0.135371