0 0.776675 0.171815 0.126551 0.046512
0 0.764268 0.291218 0.176179 0.127733
0 0.790943 0.413051 0.151365 0.055536
0 0.801179 0.516834 0.155707 0.152031
0 0.806452 0.679799 0.120347 0.106560
0 0.794355 0.793301 0.103598 0.085734
0 0.595844 0.179799 0.109801 0.062478
0 0.593362 0.281326 0.137097 0.098924
0 0.584057 0.409927 0.143300 0.112461
0 0.598945 0.538528 0.178040 0.098924
0 0.613213 0.654460 0.168114 0.132246
0 0.606390 0.792954 0.155707 0.121833
0 0.382444 0.241756 0.159429 0.121833
0 0.401675 0.377473 0.161911 0.103089
0 0.392060 0.498785 0.169975 0.122874
0 0.386787 0.622180 0.155707 0.107949
0 0.405397 0.770392 0.143300 0.097536
0 0.214020 0.239847 0.126551 0.095106
0 0.193859 0.367234 0.159429 0.131204
0 0.192618 0.513363 0.128412 0.084693
0 0.196340 0.641617 0.118486 0.090594
0 0.215571 0.723533 0.116005 0.068379