0 0.635939 0.136822 0.135356 0.069357
0 0.640023 0.204498 0.112019 0.065994
0 0.649650 0.317570 0.158110 0.156789
0 0.643524 0.449769 0.119020 0.094157
0 0.661319 0.575032 0.144107 0.133670
0 0.661027 0.704708 0.126021 0.072720
0 0.662194 0.786255 0.123687 0.074401
0 0.465286 0.170870 0.160443 0.110551
0 0.479580 0.287726 0.116686 0.103825
0 0.497083 0.387978 0.119020 0.092476
0 0.490957 0.551913 0.139440 0.163094
0 0.507293 0.744430 0.158110 0.181589
0 0.297841 0.203026 0.169778 0.184952
0 0.333139 0.354561 0.135356 0.102144
0 0.330805 0.502522 0.135356 0.156789
0 0.335473 0.642707 0.126021 0.084069
0 0.334306 0.769861 0.183197 0.150063