0 0.840426 0.932392 0.120567 0.072654
0 0.836879 1.003027 0.120567 0.062563
0 0.826241 1.115035 0.102837 0.086781
0 0.828014 1.186176 0.106383 0.065590
0 0.824468 1.243189 0.095745 0.056509
0 0.824468 1.300706 0.109929 0.054490
0 0.820922 1.352674 0.102837 0.057518
0 0.824468 1.404137 0.099291 0.045409
0 0.822695 1.460141 0.134752 0.054490
0 0.822695 1.512109 0.113475 0.029263
0 0.818262 1.567104 0.115248 0.086781
0 0.823582 1.641776 0.115248 0.054490
0 0.807624 1.690212 0.104610 0.058527
0 0.812057 1.764884 0.095745 0.086781