0 1.362373 0.221207 0.129343 0.095064
0 1.391769 0.338208 0.162480 0.135283
0 1.430786 0.520110 0.165687 0.199269
0 1.461785 0.693784 0.148584 0.159049
0 1.208445 0.243144 0.167825 0.164534
0 1.219669 0.421846 0.194548 0.185558
0 1.217531 0.602377 0.164618 0.184644
0 1.247461 0.783364 0.211652 0.199269
0 1.002672 0.192870 0.153928 0.148080
0 0.975949 0.351463 0.145377 0.158135
0 0.975414 0.520567 0.202031 0.183729
0 0.961518 0.702468 0.199893 0.194698
0 0.605024 0.147623 0.196686 0.170932
0 0.600748 0.311700 0.171032 0.180987
0 0.592731 0.488117 0.167825 0.160878
0 0.595404 0.657221 0.196686 0.175503
0 0.348477 0.120658 0.162480 0.138940
0 0.362373 0.257770 0.179583 0.149909
0 0.359166 0.420932 0.171032 0.172761
0 0.338322 0.584552 0.165687 0.169104
0 0.308926 0.755027 0.168894 0.173675
0 1.775521 1.139854 0.126136 0.137112
0 1.795831 1.305302 0.179583 0.166362
0 1.823624 1.483547 0.190273 0.184644
0 1.839123 1.668190 0.167825 0.173675
0 1.485836 1.170018 0.213789 0.193784
0 1.507215 1.353291 0.228755 0.187386
0 1.528594 1.558501 0.196686 0.235832
0 1.523250 1.762340 0.188135 0.168190
0 0.942811 1.200183 0.158204 0.168190
0 0.990914 1.373400 0.190273 0.158135
0 1.058258 1.531079 0.185997 0.168190
0 1.109033 1.725777 0.221272 0.219378
0 0.726884 1.202011 0.252272 0.191956
0 0.699091 1.391225 0.224479 0.179159
0 0.690540 1.560329 0.185997 0.180987
0 0.657402 1.741773 0.175307 0.189214
0 0.200962 1.182815 0.196686 0.162706
0 0.231962 1.415905 0.205238 0.276051
0 0.257616 1.624314 0.194548 0.166362