0 1.491870 0.167716 0.341463 0.227518
0 1.506098 0.387140 0.341463 0.189748
0 1.473577 0.999550 0.280488 0.211331
0 1.485772 1.175360 0.207317 0.086331
0 1.467480 1.368705 0.365854 0.223022
0 1.486789 1.605665 0.428862 0.232914
0 1.497967 1.825989 0.280488 0.205935
0 0.900407 0.148831 0.353659 0.243705
0 0.905488 0.389838 0.392276 0.205935
0 0.906504 0.576888 0.243902 0.200540
0 0.895325 0.777428 0.441057 0.211331
0 0.893293 0.988759 0.416667 0.243705
0 0.868902 1.240558 0.416667 0.227518
0 0.925813 1.446493 0.453252 0.195144
0 0.846545 1.633094 0.416667 0.167266
0 0.893293 1.830935 0.465447 0.248201
0 0.452236 0.178507 0.416667 0.270683
0 0.440041 0.415018 0.392276 0.200540
0 0.427846 0.649730 0.392276 0.249101
0 0.408537 0.875000 0.304878 0.188849
0 0.421748 1.075090 0.404472 0.211331
0 0.366870 1.287320 0.392276 0.243705
0 0.329268 1.522032 0.365854 0.216727
0 0.390244 1.693345 0.317073 0.145683
0 0.371951 1.850270 0.329268 0.189748