0 1.681946 0.239550 0.150917 0.234727
0 1.653032 0.444266 0.124118 0.166131
0 1.626939 0.613612 0.139633 0.148982
0 1.631876 0.799571 0.163611 0.150054
0 1.648096 1.001072 0.150917 0.167203
0 1.622003 1.148982 0.146685 0.137192
0 1.655853 1.360665 0.180536 0.183280
0 1.627645 1.549839 0.141044 0.137192
0 1.626234 1.722401 0.149506 0.167203
0 1.495063 0.192926 0.214386 0.231511
0 1.476728 0.445874 0.217207 0.222937
0 1.465444 0.647374 0.155148 0.165059
0 1.465444 0.831190 0.141044 0.148982
0 1.459803 1.006431 0.166432 0.182208
0 1.458392 1.209539 0.186178 0.234727
0 1.447814 1.420150 0.173484 0.156484
0 1.442172 1.593783 0.184767 0.199357
0 1.459803 1.766345 0.197461 0.139335
0 1.251763 0.188639 0.207334 0.158628
0 1.232722 0.384780 0.208745 0.212219
0 1.246121 0.599143 0.150917 0.143623
0 1.258110 0.794212 0.163611 0.160772
0 1.265162 1.238478 0.183357 0.209003
0 1.256700 1.425509 0.177715 0.175777
0 1.262341 1.595927 0.141044 0.143623
0 1.272214 1.794748 0.169252 0.249732
0 1.076869 0.160772 0.162200 0.141479
0 1.038082 0.348339 0.186178 0.210075
0 1.066291 0.602358 0.180536 0.244373
0 1.018336 0.834941 0.248237 0.216506
0 1.049365 1.020364 0.160790 0.098607
0 1.064880 1.399786 0.172073 0.201501
0 1.096615 1.661844 0.184767 0.258307
0 0.887165 0.188639 0.166432 0.192926
0 0.851904 0.423365 0.129760 0.216506
0 0.863188 0.621115 0.135402 0.157556
0 0.834979 0.813505 0.124118 0.165059
0 0.875176 1.028939 0.218618 0.212219
0 0.868124 1.243301 0.218618 0.180064
0 0.889986 1.507503 0.180536 0.269025
0 0.892807 1.772776 0.200282 0.257235
0 0.703808 0.195070 0.163611 0.222937
0 0.696756 0.387996 0.191819 0.167203
0 0.679831 0.973205 0.160790 0.180064
0 0.654443 1.181136 0.135402 0.141479
0 0.504231 0.178992 0.229901 0.212219
0 0.490832 0.396570 0.186178 0.207931
0 0.495063 0.593783 0.194640 0.184352
0 0.503526 0.981779 0.177715 0.141479
0 0.478843 1.167203 0.196051 0.212219
0 0.462623 1.351554 0.169252 0.165059
0 0.449929 1.526259 0.143865 0.152197
0 0.473907 1.717042 0.217207 0.190782
0 0.282087 0.190782 0.208745 0.192926
0 0.301128 0.396570 0.162200 0.203644
0 0.270804 0.658092 0.262341 0.244373
0 0.270804 0.864952 0.239774 0.169346
0 0.280677 1.066452 0.191819 0.160772
0 0.267278 1.240086 0.184767 0.147910
0 0.264457 1.787245 0.184767 0.166131