0 1.546578 0.342246 0.121673 0.250573
0 1.543726 0.601986 0.053232 0.220015
0 1.550380 0.852559 0.095057 0.259740
0 1.556084 1.110772 0.100760 0.180290
0 1.547529 1.360581 0.110266 0.255157
0 1.421103 0.296409 0.110266 0.223071
0 1.434886 0.589763 0.097909 0.195569
0 1.428707 0.844920 0.112167 0.244461
0 1.437262 1.121467 0.083650 0.247517
0 1.427757 1.378151 0.095057 0.250573
0 1.314639 0.314744 0.112167 0.299465
0 1.315589 0.585180 0.095057 0.195569
0 1.315589 0.838808 0.104563 0.223071
0 1.319867 1.106188 0.107414 0.262796
0 1.320342 1.350649 0.085551 0.220015
0 1.206274 0.326967 0.104563 0.314744
0 1.203897 0.608862 0.080798 0.157372
0 1.205798 0.829641 0.115019 0.290298
0 1.204848 1.101604 0.122624 0.262796
0 1.212452 1.361345 0.097909 0.247517
0 1.090304 0.307105 0.093156 0.259740
0 1.087452 0.559969 0.121673 0.255157
0 1.097909 0.834225 0.104563 0.250573
0 1.090779 1.082506 0.105513 0.227655
0 1.092205 1.324675 0.131179 0.247517
0 0.965304 0.290298 0.097909 0.275019
0 0.973384 0.562261 0.095057 0.220015
0 0.977662 0.818946 0.132129 0.302521
0 0.977186 1.076394 0.121673 0.227655
0 0.978612 1.331551 0.090304 0.212376
0 0.857890 0.286478 0.097909 0.227655
0 0.863118 0.521008 0.117871 0.161956
0 0.870722 0.693659 0.110266 0.189458
0 0.861217 0.885409 0.104563 0.145149
0 0.862167 1.097021 0.087452 0.223071
0 0.868821 1.341482 0.134981 0.271963
0 0.756654 0.297937 0.110266 0.250573
0 0.747624 0.556150 0.107414 0.238350
0 0.739544 0.817418 0.087452 0.259740
0 0.753802 1.074102 0.119772 0.287242
0 0.766160 1.353705 0.085551 0.232238
0 0.632129 0.302521 0.100760 0.259740
0 0.635932 0.582124 0.123574 0.278075
0 0.636407 0.834225 0.124525 0.244461
0 0.638783 1.097021 0.117871 0.287242
0 0.652091 1.355997 0.102662 0.221543
0 0.520913 0.314744 0.121673 0.250573
0 0.518061 0.572956 0.112167 0.271963
0 0.525665 0.854087 0.117871 0.223071
0 0.528992 1.130634 0.115019 0.235294
0 0.535646 1.379679 0.132129 0.247517
0 0.407795 0.317800 0.121673 0.220015
0 0.413973 0.575248 0.107414 0.294882
0 0.414924 0.873950 0.107414 0.262796
0 0.417300 1.128342 0.112167 0.239878
0 0.415399 1.390374 0.112167 0.275019