0 1.637874 0.190193 0.174972 0.142645
0 1.631229 0.359584 0.174972 0.142645
0 1.631229 0.569094 0.174972 0.142645
0 1.626800 0.745914 0.174972 0.142645
0 1.631229 0.906389 0.174972 0.142645
0 1.622370 1.098811 0.174972 0.142645
0 1.615725 1.274889 0.174972 0.142645
0 1.615725 1.462853 0.174972 0.172363
0 1.606866 1.645617 0.174972 0.142645
0 1.657807 1.826152 0.174972 0.142645
0 1.434109 0.193908 0.174972 0.142645
0 1.438538 0.369985 0.174972 0.142645
0 1.426357 0.543834 0.174972 0.142645
0 1.410853 0.732912 0.174972 0.170134
0 1.418605 0.904903 0.174972 0.142645
0 1.434109 1.084695 0.174972 0.142645
0 1.430786 1.264487 0.174972 0.142645
0 1.410853 1.456909 0.174972 0.142645
0 1.418605 1.627043 0.174972 0.142645
0 1.449612 1.817979 0.174972 0.142645
0 1.230343 0.192422 0.174972 0.142645
0 1.225914 0.369985 0.174972 0.142645
0 1.234773 0.534918 0.174972 0.142645
0 1.230343 0.720654 0.174972 0.142645
0 1.230343 0.921248 0.174972 0.142645
0 1.250277 1.089153 0.174972 0.142645
0 1.232558 1.276003 0.194906 0.177563
0 1.214839 1.441308 0.174972 0.142645
0 1.238095 1.625557 0.174972 0.142645
0 1.230343 1.808321 0.174972 0.142645
0 1.065338 0.185736 0.174972 0.142645
0 1.049834 0.350669 0.174972 0.142645
0 1.042082 0.539376 0.174972 0.142645
0 1.045404 0.711738 0.174972 0.142645
0 1.045404 0.904532 0.174972 0.177563
0 1.037652 1.080238 0.174972 0.142645
0 1.033223 1.263001 0.174972 0.142645
0 1.045404 1.473254 0.181617 0.215453
0 1.029900 1.647845 0.174972 0.142645
0 1.017719 1.811293 0.174972 0.142645
0 0.869324 0.189450 0.174972 0.157504
0 0.836656 0.390788 0.200443 0.178306
0 0.841639 0.554235 0.174972 0.142645
0 0.841639 0.708767 0.174972 0.142645
0 0.833887 0.897474 0.174972 0.160475
0 0.818383 1.088410 0.188261 0.161961
0 0.829457 1.258544 0.174972 0.142645
0 0.825028 1.450223 0.174972 0.142645
0 0.810078 1.637444 0.213732 0.181278
0 0.818383 1.808321 0.174972 0.142645
0 0.668882 0.164933 0.174972 0.142645
0 0.648948 0.354383 0.174972 0.142645
0 0.656700 0.570208 0.174972 0.216196
0 0.668882 0.759287 0.174972 0.142645
0 0.641196 0.901189 0.174972 0.142645
0 0.633444 1.081724 0.174972 0.176820
0 0.621262 1.255572 0.174972 0.166419
0 0.621262 1.465453 0.174972 0.180535
0 0.613511 1.633730 0.174972 0.142645
0 0.625692 1.797920 0.174972 0.142645
0 0.481728 0.188336 0.174972 0.192422
0 0.468439 0.354383 0.174972 0.142645
0 0.457364 0.529718 0.174972 0.142645
0 0.433001 0.710253 0.174972 0.196137
0 0.428571 0.882615 0.174972 0.142645
0 0.433001 1.047548 0.174972 0.142645
0 0.428571 1.233284 0.174972 0.142645
0 0.428571 1.422734 0.174972 0.142645
0 0.428571 1.607727 0.174972 0.142645
0 0.401993 1.814264 0.174972 0.142645
0 0.306755 0.179049 0.174972 0.157504
0 0.306755 0.353640 0.174972 0.142645
0 0.280177 0.523031 0.174972 0.142645
0 0.255814 0.710624 0.174972 0.193908
0 0.262458 0.913819 0.188261 0.199108
0 0.232558 1.098811 0.174972 0.142645
0 0.244740 1.265973 0.174972 0.142645
0 0.217054 1.436850 0.174972 0.142645
0 0.209302 1.612184 0.174972 0.142645
0 0.217054 1.793462 0.174972 0.182764