0 1.671802 0.295375 0.174146 0.177026
0 1.627595 0.466435 0.144675 0.121333
0 1.622907 0.609647 0.172806 0.119344
0 1.651708 0.771755 0.195579 0.161114
0 1.628935 0.960219 0.225050 0.185977
0 1.628935 1.150671 0.174146 0.165092
0 1.647689 1.335654 0.179504 0.181004
0 1.665104 1.514669 0.131279 0.129289
0 1.664434 1.718548 0.172806 0.157136
0 1.380442 0.298359 0.188881 0.163103
0 1.377093 0.462456 0.160750 0.161114
0 1.375754 0.632521 0.168788 0.165092
0 1.373074 0.769766 0.131279 0.111387
0 1.344943 0.934858 0.166109 0.149180
0 1.363697 1.115863 0.198259 0.171059
0 1.395847 1.707608 0.225050 0.284436
0 1.114534 0.471905 0.171467 0.128294
0 1.107167 0.613128 0.180844 0.124316
0 1.119223 0.757832 0.089752 0.143212
0 1.105157 0.903033 0.168788 0.149180
0 1.121902 1.096967 0.223711 0.200895
0 1.117883 1.275982 0.172806 0.161114
0 1.149364 1.475385 0.171467 0.207857
0 1.150703 1.758826 0.225050 0.207857
0 0.884126 0.304326 0.214334 0.167081
0 0.884126 1.131775 0.158071 0.131278
0 0.900201 1.302834 0.235767 0.198906
0 0.882786 1.516658 0.243804 0.204873
0 0.873409 1.733466 0.208975 0.220786
0 0.645680 0.300348 0.136638 0.127300
0 0.625586 0.464446 0.192900 0.149180
0 0.629605 0.628543 0.147354 0.139234
0 0.620228 0.795127 0.174146 0.150174
0 0.633624 0.969667 0.192900 0.165092
0 0.637642 1.126803 0.150033 0.161114
0 0.649029 1.328692 0.202277 0.200895
0 0.633624 1.538538 0.217013 0.198906
0 0.645680 1.736450 0.233088 0.210840
0 0.393838 0.354053 0.225050 0.230731
0 0.388480 0.551467 0.176825 0.181999
0 0.403215 0.709100 0.141996 0.145201
0 0.407234 0.849329 0.176825 0.155147
0 0.395177 1.011437 0.214334 0.105420
0 0.416611 1.146693 0.171467 0.182994
0 0.425988 1.358031 0.176825 0.185977
0 0.417950 1.552461 0.166109 0.173048
0 0.389149 1.805569 0.245144 0.233715