0 1.550437 0.214555 0.209690 0.191914
0 1.565528 0.493801 0.246227 0.217790
0 1.559968 0.804313 0.266878 0.211321
0 1.565528 1.083019 0.204925 0.195148
0 1.594122 1.371429 0.201747 0.219946
0 1.617156 1.615094 0.266878 0.254447
0 1.579031 1.823181 0.247816 0.174663
0 1.170770 0.188679 0.222399 0.191914
0 1.173948 0.417251 0.263701 0.204852
0 1.189833 0.645822 0.260524 0.204852
0 1.188245 0.912129 0.235107 0.271698
0 1.212073 1.253908 0.228753 0.276011
0 1.196187 1.539623 0.225576 0.222102
0 1.202542 1.811321 0.219222 0.207008
0 0.795870 0.226415 0.231930 0.239353
0 0.824464 0.475472 0.238284 0.185445
0 0.803018 0.783827 0.290707 0.312668
0 0.827641 1.092183 0.263701 0.209164
0 0.815727 1.360647 0.246227 0.271698
0 0.772836 1.630189 0.204925 0.202695
0 0.781573 1.838275 0.235107 0.174663
0 0.389992 0.232345 0.201747 0.171429
0 0.389198 0.468464 0.231930 0.188679