0 2.851528 0.410626 0.180495 0.525686
0 2.807860 0.879310 0.131004 0.394792
0 2.787482 1.300493 0.154294 0.388459
0 2.776565 1.834624 0.176128 0.426460
0 2.773654 2.313863 0.164483 0.447572
0 2.778748 2.663265 0.139738 0.200563
0 2.654294 0.409571 0.196507 0.510908
0 2.625182 0.807530 0.129549 0.255454
0 2.575691 1.217101 0.164483 0.390570
0 2.543668 1.793455 0.138282 0.508797
0 2.516012 2.435257 0.190684 0.694581
0 2.451237 0.382125 0.168850 0.426460
0 2.426492 0.822308 0.151383 0.411682
0 2.413392 1.301548 0.165939 0.470795
0 2.426492 1.762843 0.148472 0.388459
0 2.363901 2.231527 0.154294 0.418015
0 2.334789 2.625264 0.189229 0.369458
0 2.248908 0.400070 0.174672 0.479240
0 2.236536 0.877199 0.176128 0.462350
0 2.215429 1.342716 0.163028 0.405348
0 2.207424 1.807178 0.152838 0.456017
0 2.131732 2.295918 0.123726 0.449683
0 2.158661 2.680155 0.154294 0.344124
0 2.053857 0.380014 0.151383 0.451795
0 2.013828 0.891977 0.138282 0.352569
0 2.046579 1.298381 0.168850 0.456017
0 2.075691 1.762843 0.133916 0.451795
0 2.026929 2.272695 0.126638 0.390570
0 2.002911 2.663265 0.145560 0.399015
0 1.846434 0.422238 0.149927 0.544687
0 1.832606 0.946868 0.160116 0.513019
0 1.830422 1.476777 0.149927 0.500352
0 1.826055 1.965517 0.164483 0.451795
0 1.828239 2.561928 0.154294 0.513019
0 1.656477 0.302956 0.139738 0.297678
0 1.628093 0.658691 0.176128 0.409571
0 1.638282 1.116819 0.176128 0.464462
0 1.631732 1.620338 0.160116 0.500352
0 1.682678 2.097467 0.145560 0.500352
0 1.619360 2.574595 0.164483 0.449683
0 1.413392 0.462350 0.174672 0.574243
0 1.417031 1.052428 0.161572 0.513019
0 1.436681 1.487333 0.151383 0.369458
0 1.406841 1.889514 0.147016 0.434905
0 1.422853 2.427868 0.170306 0.333568
0 1.216885 0.392681 0.148472 0.506685
0 1.222707 0.912034 0.151383 0.523575
0 1.242358 1.419775 0.126638 0.415904
0 1.275109 1.832512 0.145560 0.384236
0 1.258370 2.282196 0.141194 0.392681
0 1.226346 2.651654 0.135371 0.346235
0 1.003639 0.438072 0.164483 0.500352
0 1.021106 0.894089 0.155750 0.356791
0 1.019651 1.383885 0.147016 0.432794
0 0.997089 1.894792 0.110626 0.508797
0 1.029840 2.329697 0.138282 0.306122
0 1.076419 2.645320 0.152838 0.367347
0 0.821689 0.369458 0.155750 0.443350
0 0.796943 0.817030 0.190684 0.401126
0 0.847162 1.224490 0.160116 0.384236
0 0.855167 1.599226 0.161572 0.344124
0 0.887191 2.045742 0.123726 0.540464
0 0.903930 2.613652 0.154294 0.481351
0 0.617904 0.382125 0.158661 0.396904
0 0.603348 0.859254 0.132460 0.456017
0 0.614993 1.292048 0.161572 0.346235
0 0.612809 1.693174 0.145560 0.371569
0 0.634643 2.099578 0.139738 0.458128
0 0.644833 2.465869 0.160116 0.363125
0 0.660844 2.778325 0.151383 0.282899
0 0.437409 0.357847 0.126638 0.327234
0 0.431587 0.731527 0.155750 0.323012
0 0.410480 1.159043 0.183406 0.405348
0 0.466521 1.655172 0.199418 0.485574
0 0.457060 2.370866 0.139738 0.447572
0 0.184134 0.439127 0.196507 0.447572
0 0.200146 0.904645 0.196507 0.411682
0 0.219796 1.361717 0.174672 0.413793
0 0.252547 1.826179 0.184862 0.430683
0 0.260553 2.241027 0.142649 0.386348
0 0.251092 2.604152 0.158661 0.318790