0 0.830861 0.137510 0.308605 0.106383
0 0.851632 0.246651 0.302671 0.115051
0 0.851632 0.354610 0.350148 0.097715
0 0.887240 0.457053 0.302671 0.102443
0 0.845697 0.572104 0.302671 0.102443
0 0.851632 0.669819 0.350148 0.116627
0 0.820475 0.940898 0.359050 0.113475
0 0.842730 1.055950 0.367953 0.104019
0 0.826409 1.152088 0.317507 0.099291
0 0.813056 1.243499 0.290801 0.100867
0 0.807122 1.360914 0.344214 0.115051
0 0.753709 1.502758 0.451039 0.137116
0 0.729970 1.666667 0.474777 0.140268
0 0.700297 1.849094 0.451039 0.186761