0 0.805268 0.192042 0.156236 0.181661
0 0.777353 0.915081 0.158037 0.141580
0 0.628771 0.145185 0.159838 0.157728
0 0.643179 0.267013 0.127420 0.096886
0 0.616164 0.615340 0.131022 0.125144
0 0.641378 0.749712 0.236380 0.132641
0 0.648357 0.885236 0.137776 0.153403
0 0.456776 0.131200 0.159838 0.116494
0 0.451148 0.289648 0.199009 0.199250
0 0.448672 0.477220 0.186853 0.173010
0 0.481765 0.885813 0.181900 0.193772
0 0.274426 0.172001 0.175146 0.139273
0 0.279604 0.349769 0.168393 0.181661
0 0.254840 0.549020 0.183701 0.192618
0 0.298289 0.923731 0.158037 0.119666