0 0.645013 0.190210 0.240157 0.211721
0 0.631234 0.383299 0.219160 0.156165
0 0.634186 0.528963 0.190945 0.145325
0 0.633530 0.682080 0.194882 0.125678
0 0.658793 0.811484 0.225722 0.136518
0 0.425197 0.182249 0.225722 0.174119
0 0.422244 0.363482 0.190945 0.123984
0 0.433399 0.512703 0.205381 0.141938
0 0.431430 0.668699 0.222441 0.149051
0 0.446850 0.821477 0.219160 0.149051
0 0.220801 0.175813 0.205381 0.157859
0 0.236220 0.376863 0.208661 0.161585
0 0.215879 0.538787 0.208661 0.147358
0 0.220801 0.695799 0.211942 0.159892
0 0.221129 0.848916 0.219160 0.129404