0 0.803962 0.155646 0.232534 0.159722
0 0.771898 0.341033 0.161105 0.115036
0 0.759385 0.453200 0.167362 0.051932
0 0.757821 0.534118 0.164234 0.120169
0 0.750000 0.666214 0.167362 0.115036
0 0.775287 0.847373 0.241919 0.165157
0 0.596715 0.160628 0.189260 0.149155
0 0.562565 0.358998 0.226277 0.193841
0 0.572211 0.515399 0.189260 0.129227
0 0.587852 0.665157 0.189260 0.134662
0 0.575339 0.841033 0.195516 0.156099
0 0.393639 0.185839 0.216893 0.217089
0 0.387643 0.354469 0.167362 0.123792
0 0.390772 0.499094 0.167362 0.129227
0 0.382690 0.659873 0.220021 0.177838
0 0.396767 0.849185 0.210636 0.154287
0 0.193691 0.185839 0.189260 0.159722
0 0.207769 0.661534 0.173618 0.127415
0 0.177007 0.829408 0.192388 0.129227