0 0.279621 0.049936 0.322275 0.053479
0 0.265403 0.097294 0.350711 0.042526
0 0.284360 0.151095 0.312796 0.065077
0 0.298578 0.207796 0.464455 0.053479
0 0.289100 0.274162 0.388626 0.074098
0 0.263033 0.344716 0.327014 0.061856
0 0.274882 0.393363 0.255924 0.025129
0 0.312796 0.434278 0.255924 0.052835
0 0.312796 0.478093 0.284360 0.024485
0 0.312796 0.517719 0.360190 0.026418
0 0.293839 0.576031 0.322275 0.079897
0 0.329384 0.651418 0.308057 0.042526
0 0.364929 0.704575 0.341232 0.056057
0 0.362559 0.747423 0.232227 0.034794
0 0.369668 0.778673 0.246445 0.025129
0 0.405213 0.817655 0.364929 0.042526
0 0.514218 0.860503 0.402844 0.040593
0 0.580569 0.907216 0.374408 0.045103