0 0.558076 0.351427 0.078040 0.028951
0 0.558530 0.377965 0.080762 0.025734
0 0.555354 0.423201 0.087114 0.067953
0 0.549909 0.476076 0.068966 0.030559
0 0.427858 0.410736 0.120690 0.050261
0 0.439655 0.457982 0.118875 0.048251
0 0.422868 0.498995 0.110708 0.038601
0 0.425136 0.566948 0.095281 0.044230
0 0.419238 0.616204 0.099819 0.050261
0 0.341198 0.360072 0.092559 0.052674
0 0.331670 0.413752 0.073503 0.044230
0 0.329401 0.449940 0.068966 0.022517
0 0.323956 0.484721 0.063521 0.051870
0 0.325318 0.542622 0.098911 0.063128
0 0.319873 0.613390 0.095281 0.059912