0 1.382187 0.306017 0.329200 0.201245
0 1.394589 0.532158 0.453213 0.265560
0 1.373168 0.777490 0.405862 0.218880
0 1.459977 1.058091 0.453213 0.348548
0 1.441939 1.323651 0.475761 0.186722
0 1.476888 1.540456 0.365276 0.186722
0 0.899662 0.567427 0.365276 0.201245
0 0.886133 0.774896 0.365276 0.201245
0 0.931229 1.032158 0.365276 0.226141
0 0.947012 1.255187 0.365276 0.211618
0 0.947012 1.525934 0.459977 0.251037
0 0.467869 0.349585 0.390079 0.197095
0 0.461105 0.594398 0.390079 0.197095
0 0.518602 0.811203 0.351747 0.244813
0 0.511838 1.034232 0.365276 0.201245
0 0.468997 1.273340 0.532131 0.247925
0 0.467869 1.551349 0.390079 0.208506