0 0.492629 0.128856 0.243243 0.047484
0 0.502457 0.182630 0.230958 0.054383
0 0.496929 0.235187 0.227273 0.060471
0 0.501843 0.301948 0.254300 0.081169
0 0.512285 0.368709 0.287469 0.054789
0 0.500000 0.421266 0.233415 0.052760
0 0.513514 0.469765 0.260442 0.048295
0 0.503686 0.517857 0.221130 0.045455
0 0.517199 0.546875 0.230958 0.015016
0 0.512285 0.570211 0.228501 0.039773
0 0.517199 0.623580 0.218673 0.071023
0 0.507371 0.673701 0.248157 0.029221
0 0.518428 0.709619 0.245700 0.047484
0 0.512899 0.757711 0.239558 0.062500