0 0.607607 0.429302 0.029160 0.035659
0 0.609192 0.475659 0.028526 0.047752
0 0.611886 0.536434 0.029477 0.050853
0 0.612203 0.603411 0.030745 0.046512
0 0.573376 0.628217 0.048177 0.031628
0 0.520285 0.626357 0.042789 0.027907
0 0.463391 0.627752 0.038669 0.032558
0 0.404437 0.629457 0.051347 0.026667
0 0.363550 0.601085 0.032964 0.041860
0 0.365610 0.537209 0.034548 0.048682
0 0.363867 0.476279 0.032330 0.047752
0 0.362758 0.412403 0.030111 0.044031
0 0.399842 0.372248 0.055468 0.033178
0 0.458796 0.371783 0.039620 0.030388
0 0.527258 0.371628 0.075753 0.028837