0 1.439597 0.267094 0.413870 0.247863
0 1.455257 0.555556 0.413870 0.247863
0 1.439597 0.841880 0.413870 0.247863
0 1.410515 1.115385 0.413870 0.247863
0 1.417226 1.412393 0.458613 0.269231
0 1.417226 1.731303 0.337808 0.287393
0 0.977629 0.329060 0.420582 0.269231
0 0.970917 0.592415 0.362416 0.208333
0 0.955257 0.805021 0.362416 0.208333
0 0.961969 1.107906 0.420582 0.326923
0 0.982103 1.404915 0.429530 0.232906
0 0.957494 1.683761 0.474273 0.222222
0 0.530201 0.335470 0.487696 0.247863
0 0.530201 0.640491 0.398210 0.304487
0 0.548098 0.896368 0.407159 0.198718
0 0.541387 1.113248 0.420582 0.252137
0 0.579418 1.418269 0.344519 0.229701
0 0.512304 1.688034 0.299776 0.200855