0 0.794280 0.244921 0.178967 0.232506
0 0.763838 0.426072 0.164207 0.170429
0 0.756458 0.589729 0.173432 0.195260
0 0.595941 0.248307 0.215867 0.212190
0 0.600092 0.441309 0.150369 0.180587
0 0.595018 0.614560 0.173432 0.215576
0 0.568727 0.787246 0.139299 0.165914
0 0.419742 0.251129 0.147601 0.190745
0 0.423893 0.416479 0.161439 0.173815
0 0.416052 0.580135 0.173432 0.200903
0 0.422509 0.746614 0.164207 0.195260
0 0.273524 0.468397 0.144834 0.187359
0 0.255996 0.652935 0.176199 0.208804
0 0.278137 0.819413 0.165129 0.167043