0 0.850160 0.176016 0.077911 0.209806
0 0.842282 0.451855 0.100671 0.220848
0 0.851911 0.776943 0.110592 0.198763
0 0.711263 0.205168 0.112343 0.281360
0 0.708054 0.480565 0.136854 0.297703
0 0.688211 0.782244 0.118763 0.257951
0 0.563321 0.157244 0.100671 0.193463
0 0.544208 0.461572 0.107966 0.218198
0 0.536329 0.760601 0.116137 0.297703
0 0.414211 0.201413 0.108842 0.255300
0 0.409104 0.486749 0.109717 0.186396
0 0.412022 0.723498 0.114969 0.295053
0 0.279107 0.189488 0.112343 0.205830
0 0.275897 0.415636 0.122264 0.257951
0 0.276919 0.702518 0.111468 0.329064
0 0.150861 0.250663 0.096878 0.253975
0 0.131602 0.532465 0.106799 0.244258
0 0.126933 0.791519 0.086957 0.230565