0 0.602439 0.113613 0.206504 0.030706
0 0.604878 0.140566 0.188618 0.029342
0 0.588618 0.169396 0.188618 0.029683
0 0.580488 0.199591 0.191870 0.035483
0 0.552846 0.228420 0.188618 0.029000
0 0.536585 0.254179 0.175610 0.026612
0 0.520325 0.274821 0.146341 0.017400
0 0.504065 0.296315 0.165854 0.028318
0 0.478049 0.324292 0.185366 0.029000
0 0.455285 0.351757 0.185366 0.030024
0 0.443902 0.382634 0.178862 0.031047
0 0.443902 0.419140 0.149593 0.024906
0 0.443902 0.440805 0.156098 0.019788
0 0.443902 0.460252 0.159350 0.022518
0 0.450407 0.481917 0.162602 0.022177
0 0.447154 0.501024 0.165854 0.020130
0 0.447154 0.519447 0.149593 0.012624
0 0.442276 0.533095 0.169106 0.016035
0 0.452033 0.551518 0.159350 0.027636
0 0.452846 0.570624 0.157724 0.011941
0 0.466667 0.578642 0.159350 0.006824
0 0.456911 0.590072 0.182114 0.020130
0 0.461789 0.608837 0.165854 0.022859
0 0.455285 0.635790 0.178862 0.033777
0 0.463415 0.660355 0.136585 0.016035
0 0.452846 0.679120 0.170732 0.022859
0 0.455285 0.700785 0.172358 0.023200
0 0.448780 0.724156 0.182114 0.026271
0 0.452033 0.749062 0.139837 0.027636
0 0.473171 0.772603 0.175610 0.018765
0 0.486179 0.788980 0.156098 0.016718
0 0.507317 0.806380 0.198374 0.022177