0 1.532895 0.258488 0.355263 0.243154
0 1.530702 0.489595 0.232456 0.168675
0 1.500000 0.695509 0.307018 0.208105
0 1.503289 0.901424 0.405702 0.221249
0 1.506579 1.125411 0.328947 0.211391
0 1.565789 1.273823 0.228070 0.083242
0 1.574561 1.396495 0.385965 0.184009
0 1.611842 1.603505 0.311404 0.201533
0 1.115132 0.254107 0.326754 0.219058
0 1.125000 0.490690 0.355263 0.203724
0 1.131579 0.707558 0.359649 0.240964
0 1.122807 0.952903 0.298246 0.225630
0 1.176535 1.179628 0.379386 0.216867
0 1.188596 1.395400 0.342105 0.240964
0 1.221491 1.605696 0.320175 0.153341
0 0.752193 0.274918 0.364035 0.262870
0 0.750000 0.527930 0.350877 0.236583
0 0.765351 0.804491 0.364035 0.307777
0 0.754386 1.065717 0.324561 0.203724
0 0.788377 1.254107 0.339912 0.190581
0 0.798246 1.421687 0.324561 0.162103
0 0.835526 1.608434 0.346491 0.222344
0 0.372807 0.238226 0.368421 0.150055
0 0.370614 0.503834 0.385965 0.297919
0 0.436404 1.395400 0.254386 0.170865
0 0.475877 1.579409 0.346491 0.197152