0 0.373706 0.294243 0.207039 0.311301
0 0.391304 0.616205 0.202899 0.332623
0 0.354037 0.980810 0.236025 0.319829
0 0.343685 1.301173 0.202899 0.269723
0 0.318323 1.562900 0.189441 0.183369
0 0.343685 1.771855 0.124224 0.110874
0 0.708075 0.332623 0.178054 0.336887
0 0.709110 0.700426 0.171843 0.300640
0 0.671843 1.011194 0.209110 0.227079
0 0.670807 1.347548 0.227743 0.336887
0 0.676501 1.652452 0.193582 0.249467
0 1.046584 0.356077 0.223602 0.364606
0 1.014493 0.819829 0.225673 0.441365
0 0.990683 1.196162 0.204969 0.285714
0 0.982919 1.498934 0.193582 0.262260
0 0.978261 1.748401 0.175983 0.208955
0 1.287785 0.241471 0.153209 0.195096
0 1.289855 0.527719 0.151139 0.238806
0 1.312112 0.840085 0.164596 0.319829
0 1.307453 1.200959 0.258799 0.303838
0 1.273810 1.617804 0.191511 0.357143
0 1.575569 0.324094 0.202899 0.345416
0 1.571429 0.626333 0.173913 0.273987
0 1.570393 1.051173 0.207039 0.417910
0 1.571429 1.388060 0.254658 0.262260
0 1.562629 1.628998 0.172878 0.208955
0 1.833333 0.305970 0.163561 0.287846