0 0.796613 0.133632 0.096271 0.095611
0 0.796994 0.230920 0.063546 0.068214
0 0.804224 0.331982 0.087900 0.085826
0 0.814878 0.522924 0.087139 0.096450
0 0.822298 0.694437 0.092085 0.095611
0 0.638508 0.132094 0.066971 0.079676
0 0.646309 0.245737 0.040715 0.043612
0 0.662291 0.373497 0.080289 0.101202
0 0.674087 0.552838 0.127473 0.152921
0 0.675419 0.673050 0.075342 0.062902
0 0.691210 0.778446 0.134323 0.147330
0 0.485160 0.174168 0.136225 0.167179
0 0.507420 0.320660 0.071157 0.068214
0 0.523782 0.433324 0.103881 0.101202
0 0.516553 0.551580 0.085616 0.100643
0 0.508562 0.663824 0.093988 0.093654
0 0.529871 0.782639 0.134323 0.131675
0 0.351598 0.139782 0.112633 0.111826
0 0.367580 0.301230 0.138508 0.157954
0 0.383942 0.463377 0.121005 0.131675
0 0.366438 0.608051 0.121005 0.089460
0 0.358447 0.754822 0.120244 0.139223
0 0.232496 0.144115 0.069254 0.097009
0 0.216514 0.286693 0.105023 0.116019
0 0.195586 0.412217 0.115677 0.119933
0 0.218417 0.565977 0.151446 0.143975
0 0.207763 0.713587 0.084475 0.080235
0 0.222222 0.796198 0.099696 0.079396