0 1.642574 0.528808 0.160396 0.318863
0 1.622772 0.862668 0.081188 0.238358
0 1.583168 1.130229 0.164356 0.284136
0 1.571287 1.433307 0.176238 0.315706
0 1.448515 0.533544 0.192079 0.353591
0 1.407921 0.925020 0.178218 0.369376
0 1.382178 1.277032 0.178218 0.299921
0 1.368317 1.556433 0.219802 0.284136
0 1.197030 0.542226 0.243564 0.333070
0 1.172277 0.886346 0.178218 0.402526
0 1.130198 1.161010 0.183168 0.260458
0 1.122772 1.466456 0.217822 0.344120
0 0.928713 0.552486 0.241584 0.347277
0 0.904950 0.886346 0.261386 0.361484
0 0.938119 1.344909 0.165347 0.571429
0 0.662376 0.525651 0.203960 0.448303
0 0.663366 0.906077 0.174257 0.315706
0 0.692079 1.234412 0.162376 0.344120
0 0.710891 1.518548 0.164356 0.230466
0 0.442574 0.549329 0.261386 0.530387
0 0.433663 0.894238 0.180198 0.232044
0 0.453465 1.271507 0.251485 0.522494