0 1.751150 0.144589 0.126035 0.171429
0 1.736891 0.302165 0.090156 0.129870
0 1.729531 0.444156 0.117755 0.147186
0 1.732291 0.612121 0.174793 0.159307
0 1.740570 0.776623 0.143514 0.161039
0 1.719411 0.919481 0.103036 0.128139
0 1.725391 1.070130 0.138914 0.141991
0 1.741030 1.216450 0.153634 0.122944
0 1.749770 1.359740 0.132475 0.129004
0 1.780129 1.500433 0.158234 0.129870
0 1.593836 0.109091 0.122355 0.152381
0 1.592456 0.298701 0.169273 0.214719
0 1.594296 0.451515 0.101196 0.116883
0 1.578657 0.604329 0.141674 0.166234
0 1.578197 0.759307 0.138914 0.136797
0 1.566697 0.912554 0.137994 0.152381
0 1.572217 1.070563 0.119595 0.139394
0 1.587856 1.212987 0.143514 0.161039
0 1.577737 1.370563 0.161914 0.164502
0 1.609016 1.522944 0.145354 0.136797
0 1.435603 0.110390 0.148114 0.144589
0 1.438822 0.261039 0.136155 0.130736
0 1.425023 0.413853 0.154554 0.152381
0 1.425023 0.565368 0.145354 0.150649
0 1.424103 0.733766 0.117755 0.154978
0 1.410764 0.897403 0.135235 0.165368
0 1.423183 1.054545 0.128795 0.141991
0 1.411224 1.204329 0.128795 0.150649
0 1.422263 1.389177 0.147194 0.205195
0 1.458142 1.554978 0.130635 0.110823
0 1.289328 0.102165 0.124195 0.159307
0 1.263109 0.258442 0.145354 0.170563
0 1.279669 0.422511 0.104876 0.135065
0 1.265409 0.577056 0.153634 0.180952
0 1.264029 0.737229 0.121435 0.129004
0 1.274149 0.891342 0.130635 0.165368
0 1.275069 1.045887 0.117755 0.147186
0 1.283349 1.212121 0.126955 0.169697
0 1.270469 1.350649 0.130635 0.129870
0 1.307268 1.509524 0.134315 0.141126
0 1.121435 0.115584 0.130635 0.165368
0 1.132015 0.282684 0.126035 0.170563
0 1.096136 0.442857 0.109476 0.165368
0 1.118215 0.744589 0.124195 0.162771
0 1.121435 0.895671 0.160074 0.146320
0 1.130635 1.046753 0.101196 0.119481
0 1.136155 1.200000 0.174793 0.176623
0 1.130175 1.362771 0.094756 0.148918
0 1.130635 1.522078 0.114075 0.162771
0 0.970101 0.134632 0.166513 0.231169
0 0.977921 0.314286 0.115915 0.133333
0 0.972401 0.447619 0.123275 0.145455
0 0.987121 0.585714 0.130635 0.142857
0 0.988040 0.742857 0.101196 0.145455
0 0.982521 0.892208 0.117755 0.139394
0 0.980681 1.041558 0.149034 0.161039
0 0.989420 1.216450 0.124195 0.164502
0 0.983441 1.364502 0.108556 0.152381
0 0.988040 1.512987 0.132475 0.141126
0 0.813247 0.122078 0.117755 0.150649
0 0.822447 0.285281 0.128795 0.179221
0 0.831647 0.443290 0.132475 0.150649
0 0.835327 0.598268 0.136155 0.161039
0 0.821067 0.747186 0.148114 0.150649
0 0.828887 0.892208 0.145354 0.144589
0 0.833947 1.053680 0.148114 0.154113
0 0.819227 1.216017 0.148114 0.180952
0 0.811408 1.369697 0.128795 0.124675
0 0.785649 1.513420 0.128795 0.161039
0 0.663293 0.121645 0.137994 0.129004
0 0.672033 0.286580 0.177553 0.216450
0 0.686293 0.457143 0.132475 0.136797
0 0.672493 0.594805 0.123275 0.145455
0 0.678013 0.760606 0.117755 0.139394
0 0.689052 0.888745 0.123275 0.129004
0 0.673413 1.032900 0.163753 0.167965
0 0.652254 1.199134 0.141674 0.155844
0 0.650414 1.358442 0.137994 0.174892
0 0.647654 1.510823 0.165593 0.152381
0 0.516099 0.140260 0.141674 0.145455
0 0.511500 0.319481 0.143514 0.200866
0 0.532659 0.485714 0.130635 0.129870
0 0.538178 0.616450 0.130635 0.117749
0 0.533119 0.755844 0.120515 0.138528
0 0.520699 0.917749 0.134315 0.190476
0 0.514719 1.064935 0.124195 0.110823
0 0.502300 1.200000 0.132475 0.152381
0 0.499540 1.353680 0.141674 0.142857
0 0.481141 1.509957 0.149034 0.155844
0 0.347746 0.136797 0.158234 0.155844
0 0.367525 0.316017 0.175713 0.193939
0 0.371205 0.502165 0.138914 0.200866
0 0.363385 0.661472 0.150874 0.114286
0 0.382705 0.774892 0.147194 0.109091
0 0.370285 0.922078 0.151794 0.193939
0 0.341766 1.375758 0.149954 0.159307
0 0.317847 1.520346 0.179393 0.140260
0 0.217111 0.161039 0.121435 0.131602
0 0.216191 0.308225 0.126955 0.152381
0 0.240110 0.463203 0.134315 0.140260
0 0.232751 0.619048 0.145354 0.161039
0 0.226311 0.767100 0.125115 0.121212
0 0.218951 0.905628 0.128795 0.133333
0 0.218951 1.087446 0.128795 0.159307
0 0.196872 1.238961 0.132475 0.150649
0 0.199632 1.397403 0.154554 0.159307
0 0.181233 1.531602 0.104876 0.112554