0 0.543750 0.673486 0.095833 0.044124
0 0.547917 0.718813 0.095833 0.043321
0 0.557292 0.766145 0.114583 0.049739
0 0.556250 0.817088 0.087500 0.044124
0 0.558333 0.863217 0.104167 0.048135
0 0.548958 0.906538 0.114583 0.043321
0 0.547917 0.949860 0.087500 0.038508
0 0.555208 0.987565 0.102083 0.035299
0 0.313542 0.677497 0.077083 0.029683
0 0.316667 0.709988 0.083333 0.036903
0 0.328125 0.746089 0.089583 0.036903
0 0.329167 0.789410 0.095833 0.038508
0 0.332292 0.836743 0.077083 0.046530
0 0.329167 0.880866 0.108333 0.036903
0 0.329167 0.917770 0.091667 0.036903
0 0.333333 0.957080 0.100000 0.030485
0 0.342708 0.995989 0.089583 0.044124