0 0.784519 0.101340 0.139470 0.074330
0 0.773013 0.178107 0.148536 0.073517
0 0.761506 0.285946 0.163180 0.131600
0 0.755230 0.419374 0.132497 0.106824
0 0.745467 0.519496 0.108787 0.098294
0 0.740237 0.633428 0.158298 0.107636
0 0.746165 0.745532 0.140865 0.109261
0 0.756276 0.871243 0.177824 0.124289
0 0.603556 0.127742 0.152720 0.119009
0 0.591702 0.238627 0.124826 0.085703
0 0.595886 0.346466 0.159693 0.109667
0 0.573919 0.470755 0.146444 0.129163
0 0.583682 0.588546 0.160391 0.102356
0 0.573919 0.699431 0.161785 0.112916
0 0.570084 0.830016 0.148536 0.122258
0 0.405160 0.119415 0.143654 0.099919
0 0.396792 0.216084 0.133891 0.084484
0 0.411437 0.339561 0.174338 0.138099
0 0.387727 0.476848 0.196653 0.148660
0 0.408647 0.608855 0.132497 0.111292
0 0.408647 0.718725 0.164575 0.103574
0 0.410391 0.803209 0.148536 0.064582
0 0.410739 0.878960 0.163180 0.094232
0 0.200837 0.675670 0.189679 0.121446
0 0.217922 0.808083 0.191771 0.152315