0 0.912882 0.133534 0.066954 0.130522
0 0.923453 0.262048 0.061472 0.148594
0 0.927369 0.419177 0.062255 0.189759
0 0.927760 0.600904 0.061472 0.187751
0 0.924236 0.780622 0.066171 0.201807
0 0.821848 0.165161 0.072044 0.205823
0 0.824002 0.334839 0.066171 0.153614
0 0.828504 0.496486 0.078309 0.191767
0 0.823806 0.636546 0.075959 0.112450
0 0.817933 0.815261 0.071261 0.148594
0 0.723375 0.137550 0.085748 0.178715
0 0.710454 0.304719 0.066954 0.191767
0 0.721809 0.480422 0.088097 0.183735
0 0.717306 0.639056 0.063430 0.161647
0 0.715153 0.832831 0.081049 0.173695
0 0.614526 0.138052 0.087314 0.225904
0 0.615897 0.314257 0.074393 0.148594
0 0.611981 0.460843 0.068912 0.170683
0 0.615505 0.622490 0.071261 0.178715
0 0.611590 0.799699 0.064996 0.191767
0 0.507048 0.160643 0.077525 0.210843
0 0.513312 0.689257 0.070478 0.193775
0 0.509789 0.848896 0.070478 0.155622
0 0.395850 0.592871 0.089272 0.237952
0 0.397220 0.803715 0.074002 0.207831
0 0.274080 0.244980 0.076742 0.265060
0 0.274276 0.774096 0.086531 0.267068
0 0.165035 0.239960 0.099843 0.232932
0 0.166993 0.781627 0.067737 0.175703
0 0.066366 0.227912 0.092013 0.198795
0 0.064996 0.449297 0.090838 0.276104
0 0.061864 0.677711 0.095536 0.194779