0 0.919355 0.989028 0.080645 0.032915
0 0.918011 1.035266 0.088710 0.032915
0 0.919355 1.078370 0.096774 0.040752
0 0.913978 1.123041 0.118280 0.045455
0 0.912634 1.172414 0.126344 0.040752
0 0.913978 1.223354 0.107527 0.045455
0 0.922043 1.268025 0.123656 0.043887
0 0.922043 1.315047 0.134409 0.047022
0 0.934140 1.367555 0.115591 0.042320
0 0.622312 0.995690 0.115591 0.044671
0 0.625000 1.046238 0.120968 0.053292
0 0.623656 1.105799 0.129032 0.036050
0 0.631720 1.142633 0.107527 0.043887
0 0.618280 1.188480 0.139785 0.043103
0 0.619624 1.237069 0.137097 0.050940
0 0.599462 1.294671 0.145161 0.045455
0 0.606183 1.347571 0.137097 0.050940
0 0.956989 1.497257 0.096774 0.044671
0 0.951613 1.547414 0.129032 0.047806
0 0.940860 1.610502 0.129032 0.061129
0 0.947581 1.669279 0.137097 0.051724
0 0.938172 1.727273 0.134409 0.053292