0 0.628049 0.421600 0.034959 0.046400
0 0.626829 0.467600 0.035772 0.052000
0 0.629268 0.526000 0.037398 0.053600
0 0.630488 0.591600 0.033333 0.050400
0 0.590244 0.636400 0.060163 0.036000
0 0.531707 0.636000 0.055285 0.033600
0 0.472764 0.637600 0.057724 0.028800
0 0.414228 0.638800 0.047967 0.028000
0 0.356911 0.613600 0.039024 0.043200
0 0.352846 0.547600 0.039024 0.060000
0 0.351220 0.476800 0.037398 0.057600
0 0.350000 0.414400 0.038211 0.056000
0 0.396341 0.363600 0.052846 0.032800
0 0.452033 0.363200 0.045528 0.030400
0 0.521951 0.361200 0.065041 0.032800