0 1.567335 0.290612 0.234957 0.087553
0 1.607450 0.405063 0.240688 0.135021
0 1.633238 0.530591 0.263610 0.137131
0 1.667622 0.647152 0.326648 0.112869
0 1.696275 0.860232 0.320917 0.104430
0 1.679083 0.958861 0.269341 0.107595
0 1.697708 1.045886 0.255014 0.095992
0 1.706304 1.136076 0.318052 0.116034
0 1.739255 1.274789 0.338109 0.152954
0 1.744986 1.409283 0.303725 0.122363
0 1.722063 1.532173 0.292264 0.150844
0 1.329513 0.309599 0.286533 0.121308
0 1.326648 0.419831 0.320917 0.111814
0 1.355301 0.518460 0.280802 0.127637
0 1.358166 0.635021 0.297994 0.132911
0 1.422636 1.098101 0.295129 0.137131
0 1.428367 1.202532 0.306590 0.109705
0 1.452722 1.322257 0.326648 0.161392
0 1.442693 1.462025 0.277937 0.147679
0 1.446991 1.606540 0.338109 0.126582
0 1.041547 0.315401 0.329513 0.145570
0 1.045845 0.444093 0.315186 0.137131
0 1.057307 0.562236 0.280802 0.124473
0 1.060172 0.666667 0.297994 0.101266
0 1.098854 0.781646 0.335244 0.168776
0 1.077364 0.907173 0.286533 0.109705
0 1.117479 1.015295 0.326648 0.123418
0 1.103152 1.123945 0.326648 0.106540
0 1.111748 1.245781 0.355301 0.158228
0 1.151862 1.375527 0.286533 0.135021
0 1.127507 1.501055 0.312321 0.126582
0 1.169054 1.606540 0.320917 0.130802
0 0.762178 0.291139 0.286533 0.078059
0 0.759312 0.377637 0.303725 0.122363
0 0.776504 0.481013 0.326648 0.097046
0 0.747851 0.573840 0.292264 0.107595
0 0.750716 0.694093 0.303725 0.151899
0 0.779370 0.830169 0.366762 0.145570
0 0.787966 0.948312 0.338109 0.137131
0 0.782235 1.062236 0.349570 0.113924
0 0.785100 1.178270 0.303725 0.145570
0 0.810888 1.301688 0.303725 0.105485
0 0.825215 1.405063 0.343840 0.147679
0 0.839542 1.518460 0.303725 0.121308
0 0.836676 1.626055 0.297994 0.121308
0 0.471347 0.303797 0.312321 0.122363
0 0.469914 0.422996 0.315186 0.145570
0 0.452722 0.564873 0.286533 0.114979
0 0.477077 0.660338 0.312321 0.101266
0 0.481375 0.764768 0.303725 0.128692
0 0.478510 0.873418 0.292264 0.101266
0 0.464183 0.959388 0.297994 0.121308
0 0.507163 1.070148 0.257880 0.131857
0 0.525788 1.194093 0.295129 0.164557
0 0.534384 1.313291 0.340974 0.128692
0 0.532951 1.444620 0.343840 0.167722