0 1.770597 0.785156 0.091459 0.226562
0 1.777778 1.002604 0.104308 0.226562
0 1.778912 1.235677 0.089947 0.226562
0 1.783447 1.480469 0.095994 0.257812
0 1.676493 0.794271 0.096750 0.234375
0 1.683296 1.013021 0.092215 0.203125
0 1.686319 1.242188 0.092215 0.239583
0 1.688964 1.497396 0.088435 0.276042
0 1.590325 0.803385 0.081633 0.218750
0 1.594482 1.027344 0.083900 0.210938
0 1.599395 1.261719 0.083144 0.247396
0 1.603175 1.514974 0.090703 0.266927
0 1.503023 0.809245 0.088435 0.243490
0 1.507181 1.032552 0.084656 0.200521
0 1.510582 1.263021 0.089947 0.234375
0 1.517007 1.520833 0.087680 0.283854
0 1.419501 0.800130 0.083144 0.246094
0 1.425548 1.024740 0.087680 0.205729
0 1.426682 1.260417 0.082389 0.208333
0 1.430461 1.505208 0.089947 0.281250
0 1.305745 0.792318 0.089947 0.217448
0 1.301587 1.028646 0.084656 0.226562
0 1.310658 1.262370 0.096750 0.233073
0 1.311413 1.513672 0.092215 0.272135
0 1.218821 0.796224 0.088435 0.243490
0 1.221466 1.042969 0.087680 0.231771
0 1.221088 1.269531 0.088435 0.226562
0 1.218821 1.509115 0.088435 0.268229
0 1.133031 0.796224 0.080121 0.230469
0 1.135299 1.042318 0.093726 0.233073
0 1.128874 1.266276 0.089947 0.220052
0 1.133031 1.518229 0.089191 0.265625
0 1.044596 0.785156 0.093726 0.236979
0 1.046863 0.995443 0.090703 0.183594
0 1.041572 1.260417 0.093726 0.213542
0 1.037037 1.516927 0.093726 0.247396
0 0.958050 0.790365 0.080877 0.226562
0 0.955782 1.024740 0.083900 0.231771
0 0.956538 1.259766 0.080877 0.217448
0 0.956160 1.509115 0.080121 0.255208
0 0.877929 0.795573 0.074830 0.231771
0 0.877551 1.031250 0.075586 0.218750
0 0.879063 1.256510 0.080121 0.213542
0 0.874906 1.507812 0.083900 0.260417
0 0.795163 0.800781 0.087680 0.226562
0 0.794407 1.022135 0.095238 0.216146
0 0.791383 1.255208 0.092215 0.223958
0 0.792895 1.512370 0.081633 0.261719
0 0.709751 0.917969 0.078609 0.143229
0 0.708995 1.085938 0.078609 0.177083
0 0.705971 1.274740 0.084656 0.195312
0 0.709373 1.509115 0.091459 0.252604
0 0.631141 0.782552 0.083144 0.203125
0 0.623583 1.033854 0.081633 0.236979
0 0.625094 1.276042 0.083144 0.197917
0 0.625094 1.511719 0.077098 0.226562
0 0.545729 0.791667 0.090703 0.234375
0 0.544596 1.019531 0.082389 0.239583
0 0.542706 1.268229 0.087680 0.213542
0 0.543084 1.511719 0.091459 0.239583
0 0.458806 0.782552 0.095238 0.221354
0 0.461073 1.027344 0.086168 0.250000
0 0.458806 1.268880 0.086168 0.217448
0 0.454271 1.501302 0.089191 0.244792
0 0.374150 0.761068 0.092215 0.220052
0 0.373394 1.005208 0.093726 0.231771
0 0.369992 1.262370 0.083900 0.243490
0 0.367347 1.506510 0.084656 0.229167
0 0.278912 0.772135 0.092215 0.231771
0 0.284203 0.963542 0.093726 0.140625
0 0.278912 1.266927 0.101285 0.257812
0 0.286470 1.520833 0.102797 0.231771
0 0.193878 0.853516 0.088435 0.378906
0 0.193122 1.320964 0.083900 0.399740
0 0.103553 0.776042 0.084656 0.236979
0 0.106576 1.018229 0.086168 0.226562
0 0.106576 1.257161 0.092215 0.220052
0 0.110355 1.529948 0.093726 0.263021