0 0.854655 0.125971 0.108138 0.122088
0 0.847507 0.242622 0.103372 0.096925
0 0.843475 0.382883 0.104839 0.168686
0 0.834677 0.519571 0.112903 0.112768
0 0.811400 0.853215 0.131598 0.139484
0 0.711327 0.135446 0.141129 0.172724
0 0.679435 0.289997 0.095674 0.118360
0 0.673570 0.394222 0.122067 0.098167
0 0.678336 0.510407 0.106672 0.126126
0 0.668438 0.624728 0.095674 0.088847
0 0.653226 0.752718 0.100440 0.137931
0 0.665139 0.891426 0.111070 0.150047
0 0.557551 0.127213 0.103372 0.151289
0 0.554619 0.248990 0.125367 0.091643
0 0.543072 0.357875 0.117669 0.115564
0 0.552419 0.478099 0.114370 0.114321
0 0.538123 0.623486 0.101906 0.163405
0 0.523827 0.773377 0.139296 0.131407
0 0.518328 0.898105 0.103372 0.131718
0 0.397177 0.119447 0.108138 0.132650
0 0.386364 0.263436 0.136364 0.136688
0 0.390029 0.403541 0.137830 0.087605
0 0.384348 0.586207 0.145528 0.221808
0 0.245418 0.094905 0.117669 0.110283
0 0.259164 0.273998 0.114370 0.165890
0 0.243035 0.415502 0.112903 0.103448
0 0.258248 0.551569 0.122067 0.158124
0 0.261364 0.737341 0.103372 0.128922
0 0.226356 0.881485 0.174120 0.178006
0 0.111987 0.106089 0.130132 0.122088
0 0.106488 0.262193 0.119135 0.144765
0 0.112170 0.446101 0.136364 0.156570
0 0.091276 0.846381 0.100440 0.187325