0 0.688588 0.105029 0.359768 0.085296
0 0.682785 0.196690 0.344294 0.098027
0 0.675048 0.311585 0.297872 0.103756
0 0.674081 0.415341 0.365571 0.103756
0 0.646035 0.510503 0.247582 0.089115
0 0.684720 0.610757 0.433269 0.108848
0 0.643133 0.708466 0.315280 0.081477
0 0.653772 0.778485 0.220503 0.054742
0 0.708897 0.852005 0.404255 0.096117
0 0.359768 0.125716 0.286267 0.130490
0 0.340426 0.239975 0.259188 0.080204
0 0.374275 0.297581 0.261122 0.027371
0 0.369439 0.360280 0.216634 0.076384
0 0.369439 0.449714 0.266925 0.091025
0 0.350097 0.532782 0.297872 0.086569