0 0.749550 0.178100 0.160168 0.151904
0 0.733953 0.341689 0.175765 0.161704
0 0.773545 0.489634 0.175765 0.122880
0 0.764247 0.640407 0.178764 0.112326
0 0.740552 0.825104 0.199760 0.138711
0 0.503899 0.177535 0.225555 0.147003
0 0.514697 0.358085 0.209958 0.165096
0 0.525195 0.538070 0.199760 0.178289
0 0.509298 0.700339 0.236353 0.123634
0 0.503899 0.855635 0.209958 0.147003
0 0.284643 0.192424 0.202160 0.186581
0 0.278644 0.374670 0.199760 0.148511
0 0.277445 0.527893 0.217756 0.161704
0 0.258548 0.696947 0.207558 0.120618