0 0.527443 0.235795 0.086048 0.073295
0 0.522309 0.304403 0.061615 0.065057
0 0.527089 0.360369 0.061261 0.048011
0 0.528329 0.422159 0.082861 0.077273
0 0.523194 0.489631 0.075425 0.049716
0 0.531516 0.547159 0.082861 0.067614
0 0.529037 0.602983 0.059490 0.054261
0 0.537712 0.661790 0.061261 0.064489
0 0.537181 0.720881 0.067280 0.046307
0 0.541076 0.770739 0.070822 0.053409
0 0.544086 0.847443 0.069759 0.078977
0 0.432720 0.303693 0.078612 0.048295
0 0.433782 0.382812 0.082861 0.099716
0 0.443520 0.493040 0.074717 0.082670