0 1.419142 0.966435 0.175389 0.215278
0 1.153230 0.947917 0.194248 0.168981
0 0.937294 0.958333 0.233852 0.208333
0 0.713814 0.903935 0.160302 0.108796
0 0.493164 0.950231 0.137671 0.201389
0 0.297030 0.944444 0.167845 0.185185
0 0.131070 0.943287 0.145215 0.219907
0 1.421028 1.796296 0.156530 0.240741
0 1.202263 1.797454 0.198020 0.219907
0 0.998586 1.788194 0.164074 0.206019
0 0.815653 1.765046 0.152758 0.210648
0 0.640264 1.733796 0.152758 0.226852
0 0.418670 1.760417 0.154644 0.210648
0 0.212164 1.762731 0.190476 0.215278