0 0.778598 0.111388 0.248462 0.063267
0 0.752153 0.176189 0.195572 0.059433
0 0.725707 0.234854 0.226322 0.051764
0 0.734317 0.297929 0.214022 0.055982
0 0.714022 0.368673 0.230012 0.070936
0 0.724477 0.422929 0.209102 0.023006
0 0.726937 0.466833 0.250923 0.061733
0 0.731242 0.523581 0.210332 0.043328
0 0.739237 0.580905 0.204182 0.064417
0 0.747847 0.655675 0.186962 0.093558
0 0.759533 0.716066 0.210332 0.020322
0 0.763223 0.749425 0.180812 0.038727
0 0.772448 0.792945 0.189422 0.041411
0 0.799508 0.829371 0.186962 0.028374
0 0.805658 0.878834 0.184502 0.051380
0 0.546740 0.087423 0.158672 0.047546
0 0.530135 0.146089 0.169742 0.062883
0 0.512300 0.202454 0.175892 0.052914
0 0.512915 0.247891 0.164822 0.039494
0 0.496310 0.290836 0.193112 0.044095
0 0.480935 0.340299 0.167282 0.049463
0 0.493850 0.396664 0.212792 0.060199
0 0.490775 0.453988 0.204182 0.051380
0 0.476015 0.512845 0.243542 0.048696
0 0.492005 0.582055 0.201722 0.069018
0 0.498155 0.656442 0.221402 0.070552
0 0.510455 0.726610 0.260763 0.057515
0 0.509225 0.792945 0.246002 0.076687
0 0.547970 0.871357 0.269373 0.066334
0 0.338868 0.092025 0.217712 0.075920
0 0.332103 0.174847 0.186962 0.063650
0 0.298893 0.230445 0.201722 0.052914
0 0.295203 0.291028 0.186962 0.039877
0 0.292128 0.353144 0.215252 0.062883
0 0.292128 0.423696 0.215252 0.057515
0 0.253383 0.506327 0.206642 0.084739
0 0.274293 0.578604 0.189422 0.051380
0 0.285363 0.618290 0.206642 0.019555