0 0.833680 1.148936 0.137214 0.076596
0 0.838877 1.212766 0.135135 0.068085
0 0.835759 1.275532 0.133056 0.065957
0 0.835759 1.314894 0.108108 0.021277
0 0.838877 1.346277 0.135135 0.047872
0 0.826403 1.401596 0.139293 0.069149
0 0.823285 1.471277 0.141372 0.070213
0 0.836798 1.603191 0.122661 0.057447
0 0.829522 1.710638 0.128898 0.029787
0 0.823285 1.746809 0.116424 0.061702
0 0.824324 1.808511 0.118503 0.053191
0 0.699584 1.160106 0.118503 0.071277
0 0.699584 1.216489 0.118503 0.054255
0 0.692308 1.263830 0.128898 0.061702
0 0.691268 1.328723 0.139293 0.080851
0 0.692308 1.379787 0.128898 0.031915
0 0.692308 1.418085 0.128898 0.048936
0 0.694387 1.472340 0.133056 0.063830
0 0.696466 1.521809 0.124740 0.043617
0 0.688150 1.569681 0.145530 0.064894
0 0.692308 1.623936 0.145530 0.064894
0 0.688150 1.682979 0.128898 0.059574
0 0.696466 1.734574 0.112266 0.052128
0 0.698545 1.794681 0.141372 0.070213
0 0.528067 1.370213 0.141372 0.051064
0 0.541580 1.422340 0.151767 0.057447
0 0.550936 1.523404 0.153846 0.063830
0 0.544699 1.581915 0.141372 0.065957
0 0.545738 1.632447 0.151767 0.050000
0 0.544699 1.680851 0.133056 0.063830