0 1.168934 0.315840 0.224490 0.116412
0 1.165533 0.525763 0.226757 0.156489
0 1.163265 0.745229 0.240363 0.131679
0 1.195011 0.961832 0.249433 0.129771
0 1.184807 1.169847 0.256236 0.141221
0 1.165533 1.398855 0.272109 0.145038
0 1.204082 1.592557 0.272109 0.122137
0 0.763039 0.312977 0.215420 0.118321
0 0.759637 0.506202 0.208617 0.119275
0 0.768707 0.712786 0.290249 0.131679
0 0.770975 0.950382 0.235828 0.114504
0 0.758503 1.183683 0.188209 0.105916
0 0.777778 1.372615 0.195011 0.107824
0 0.759637 1.622137 0.208617 0.097328