0 0.820817 0.123401 0.061393 0.070986
0 0.829812 0.199752 0.074243 0.097400
0 0.841519 0.328931 0.069674 0.171688
0 0.730583 0.359472 0.077384 0.123813
0 0.608652 0.175402 0.073387 0.089971
0 0.622930 0.273628 0.088235 0.119686
0 0.622930 0.382171 0.073387 0.091622
0 0.502998 0.154354 0.070531 0.079241
0 0.506568 0.244119 0.091947 0.106067
0 0.505140 0.354519 0.078812 0.137846
0 0.398344 0.171069 0.089092 0.109369
0 0.400914 0.283946 0.074243 0.136195
0 0.391491 0.381345 0.065677 0.082542
0 0.282267 0.139703 0.076813 0.100289
0 0.276556 0.222452 0.066533 0.085019
0 0.280840 0.326868 0.083095 0.138671
0 0.881925 0.619686 0.072816 0.087082
0 0.898058 0.706356 0.086236 0.101940
0 0.795545 0.649608 0.079954 0.091622
0 0.795403 0.745357 0.083095 0.104003
0 0.798401 0.854519 0.093090 0.117623
0 0.670760 0.671688 0.094232 0.120099
0 0.670760 0.764961 0.094803 0.096162
0 0.665334 0.872678 0.082239 0.140735
0 0.522416 0.732150 0.089377 0.071812
0 0.520274 0.846678 0.094232 0.172101
0 0.363364 0.634957 0.097373 0.138258
0 0.363649 0.754437 0.091091 0.110607
0 0.368932 0.856376 0.078241 0.113083
0 0.227584 0.646513 0.079954 0.099463
0 0.124643 0.740198 0.070531 0.129179