0 0.850970 0.123307 0.146488 0.118534
0 0.838956 0.248153 0.132625 0.103448
0 0.844732 0.416410 0.172828 0.189347
0 0.864140 0.605450 0.155268 0.139470
0 0.871303 0.776632 0.162200 0.147475
0 0.665434 0.156096 0.196858 0.233374
0 0.649723 0.347445 0.151571 0.137007
0 0.678142 0.486915 0.177911 0.157943
0 0.668207 0.646552 0.188540 0.166256
0 0.692699 0.790333 0.170980 0.132389
0 0.468115 0.163177 0.151571 0.173030
0 0.434612 0.345135 0.164048 0.155788
0 0.451710 0.493227 0.205638 0.154557
0 0.460490 0.665179 0.195471 0.170874
0 0.458641 0.816349 0.142791 0.117303
0 0.261784 0.140548 0.177911 0.151170
0 0.245379 0.327586 0.188540 0.171798
0 0.221349 0.493534 0.181146 0.153325
0 0.198244 0.675800 0.137708 0.132389
0 0.191081 0.807266 0.116913 0.125616