0 1.348750 0.200405 0.182500 0.203779
0 1.375000 0.392038 0.187500 0.157895
0 1.377500 0.543860 0.145000 0.121457
0 1.371875 0.701080 0.166250 0.170040
0 1.400000 0.861673 0.230000 0.168691
0 1.366250 1.021255 0.132500 0.126181
0 1.382500 1.147099 0.132500 0.083671
0 1.383750 1.273954 0.182500 0.143050
0 1.407500 1.448043 0.190000 0.180837
0 1.402500 1.626856 0.265000 0.155196
0 1.386250 1.778003 0.327500 0.157895
0 0.818125 0.180162 0.241250 0.157895
0 0.838750 0.357287 0.260000 0.126181
0 0.855000 0.492915 0.222500 0.149123
0 0.832500 0.647099 0.225000 0.155196
0 0.836250 0.833333 0.217500 0.165992
0 0.822500 1.010796 0.257500 0.192982
0 0.812500 1.194669 0.215000 0.149123
0 0.807500 1.333333 0.230000 0.132254
0 0.796250 1.462213 0.182500 0.153846
0 0.889375 1.622807 0.238750 0.176788
0 0.883125 1.799595 0.296250 0.192982