0 1.090196 0.457243 0.137255 0.122164
0 1.096078 0.571117 0.158824 0.123037
0 1.104412 0.679319 0.142157 0.119546
0 1.111765 0.890052 0.121569 0.041885
0 1.111765 0.965532 0.123529 0.119546
0 1.122549 1.076789 0.131373 0.115183
0 1.119608 1.196335 0.127451 0.130890
0 1.105882 1.276178 0.117647 0.025305
0 1.106863 1.328098 0.111765 0.094241
0 1.121569 1.386126 0.127451 0.039267
0 1.134314 1.449389 0.123529 0.108202
0 1.138235 1.538394 0.127451 0.080279
0 1.150980 1.617801 0.115686 0.076789
0 1.142157 1.771815 0.074510 0.079407
0 1.142157 1.839005 0.147059 0.065445
0 0.253922 0.484729 0.127451 0.096859
0 0.265686 0.587696 0.119608 0.093368
0 0.267647 0.702443 0.100000 0.106457