0 0.601610 0.181041 0.237425 0.077700
0 0.612676 0.254079 0.243461 0.069930
0 0.597586 0.330614 0.237425 0.081585
0 0.582495 0.402098 0.227364 0.062937
0 0.581489 0.530692 0.197183 0.048174
0 0.601610 0.590521 0.221328 0.073038
0 0.596579 0.660451 0.227364 0.066822
0 0.603622 0.704740 0.209256 0.017094
0 0.605634 0.744367 0.197183 0.062160
0 0.595573 0.819736 0.193159 0.082362
0 0.605634 0.874903 0.245473 0.032634
0 0.622736 0.922300 0.247485 0.071484
0 0.633803 1.152292 0.209256 0.088578
0 0.632797 1.242424 0.267606 0.082362
0 0.625755 1.306915 0.253521 0.043512
0 0.614688 1.370629 0.255533 0.087024
0 0.610664 1.438228 0.247485 0.048174
0 0.583501 1.495726 0.225352 0.059052
0 0.590543 1.554779 0.259557 0.045066
0 0.593561 1.620824 0.257545 0.083916
0 0.597586 1.705128 0.293763 0.084693
0 0.591549 1.793318 0.301811 0.077700
0 0.575453 1.860140 0.237425 0.052836
0 0.558350 1.922300 0.247485 0.080808