0 1.379397 0.457293 0.169179 0.175208
0 1.371022 0.599212 0.180905 0.084100
0 1.343384 0.919842 0.164154 0.180464
0 1.331658 1.094174 0.169179 0.127902
0 1.318258 1.318003 0.164154 0.253176
0 1.319933 1.562856 0.184255 0.192729
0 1.322446 1.710031 0.180905 0.099869
0 1.348409 1.869032 0.187605 0.167324
0 0.431742 0.399912 0.193467 0.114761
0 0.436348 0.551029 0.239531 0.127902
0 0.409966 0.695138 0.210218 0.097240
0 0.436348 0.829610 0.195980 0.110381
0 0.455611 1.027595 0.184255 0.173456
0 0.468174 1.178274 0.206030 0.082348
0 0.482412 1.313184 0.197655 0.161191
0 0.487437 1.474376 0.155779 0.122646
0 0.490787 1.632939 0.180905 0.143671