0 0.590769 0.136334 0.187692 0.100596
0 0.609615 0.233786 0.183846 0.079087
0 0.598462 0.349272 0.229231 0.116810
0 0.599231 0.641959 0.246154 0.177366
0 0.598846 0.782760 0.196154 0.096956
0 0.598846 0.903044 0.271538 0.133024
0 0.383846 0.151721 0.200000 0.124090
0 0.388077 0.246029 0.166923 0.079087
0 0.390385 0.352747 0.196154 0.123759
0 0.388077 0.772998 0.208462 0.095301
0 0.372308 0.880212 0.192308 0.123759
0 0.170769 0.174057 0.200000 0.161482
0 0.191923 0.337525 0.208462 0.107876
0 0.179231 0.506122 0.200000 0.157842
0 0.192308 0.684977 0.250769 0.145599
0 0.181538 0.805096 0.163077 0.080741
0 0.193846 0.894937 0.170769 0.109530