0 1.705128 0.303912 0.321937 0.294885
0 1.623219 0.598796 0.220798 0.162487
0 1.633903 0.836510 0.259259 0.236710
0 1.643875 1.102307 0.250712 0.226680
0 1.652422 1.311936 0.233618 0.160481
0 1.685185 1.593280 0.339031 0.378134
0 1.326211 0.274824 0.293447 0.238716
0 1.361823 0.526580 0.279202 0.190572
0 1.314103 0.775326 0.326211 0.294885
0 1.300570 1.051655 0.353276 0.213641
0 1.306268 1.275326 0.276353 0.199599
0 1.329772 1.553159 0.331909 0.334002
0 0.991453 0.354062 0.316239 0.294885
0 0.988604 0.660983 0.290598 0.278837
0 0.968661 0.929789 0.296296 0.226680
0 0.993590 1.172518 0.306268 0.222668
0 1.027778 1.362086 0.243590 0.168506
0 1.030627 1.566700 0.243590 0.224674
0 0.678063 0.350552 0.296296 0.273821
0 0.683048 0.675025 0.294872 0.298897
0 0.690883 0.938315 0.299145 0.199599
0 0.704416 1.159478 0.263533 0.202608
0 0.712251 1.501505 0.296296 0.339017
0 0.416667 0.309930 0.263533 0.188566
0 0.408832 0.578736 0.279202 0.248746
0 0.402422 0.908726 0.283476 0.248746
0 0.400285 1.239719 0.313390 0.282849
0 0.386040 1.531595 0.361823 0.268806