0 1.393868 0.231939 0.259434 0.129278
0 1.417453 0.368821 0.216981 0.114068
0 1.417453 0.519011 0.273585 0.150190
0 1.396226 0.709125 0.245283 0.199620
0 1.422170 0.865019 0.297170 0.129278
0 1.433962 0.986692 0.311321 0.114068
0 1.478774 1.101711 0.306604 0.123574
0 1.477594 1.247624 0.379717 0.173954
0 1.489387 1.401141 0.290094 0.129278
0 1.490566 1.565589 0.245283 0.144487
0 1.099057 0.246198 0.292453 0.133080
0 1.104953 0.390684 0.379717 0.146388
0 1.115566 0.547529 0.311321 0.129278
0 1.129717 0.676806 0.297170 0.134981
0 1.139151 0.813688 0.254717 0.129278
0 1.139151 0.958175 0.297170 0.129278
0 1.145047 1.119772 0.341981 0.171103
0 1.168632 1.363118 0.327830 0.201521
0 1.179245 1.566540 0.273585 0.129278
0 0.808962 0.471483 0.306604 0.182510
0 0.807783 0.702947 0.290094 0.230989
0 0.849057 0.918726 0.311321 0.194867
0 0.856132 1.113593 0.268868 0.132129
0 0.889151 1.488593 0.231132 0.091255
0 0.915094 1.596958 0.268868 0.129278
0 0.497642 0.413498 0.297170 0.119772
0 0.507075 0.568441 0.400943 0.182510
0 0.505896 0.745247 0.327830 0.165399
0 0.525943 0.884030 0.325472 0.114068
0 0.542453 1.052757 0.386792 0.215779
0 0.521226 1.314639 0.240566 0.123574
0 0.568396 1.476236 0.306604 0.188213
0 0.596698 1.617871 0.259434 0.104563