0 0.698196 0.681294 0.049916 0.037959
0 0.704698 0.723960 0.067953 0.046159
0 0.705747 0.775433 0.056628 0.059217
0 0.622273 0.687823 0.083473 0.055876
0 0.630243 0.745976 0.065017 0.045855
0 0.633599 0.776799 0.044044 0.023079
0 0.640101 0.804130 0.048658 0.035226
0 0.538171 0.677194 0.067953 0.032189
0 0.536074 0.718646 0.067953 0.042818
0 0.550755 0.771789 0.062081 0.068327
0 0.553272 0.825084 0.044463 0.032189
0 0.459102 0.677953 0.052433 0.043425
0 0.458054 0.733677 0.063758 0.049803
0 0.458263 0.783784 0.067534 0.041907
0 0.457005 0.823717 0.044044 0.035530
0 0.398070 0.674005 0.047819 0.031278
0 0.399539 0.714850 0.058305 0.046159
0 0.395763 0.756605 0.064178 0.035530
0 0.392827 0.802308 0.049916 0.050410
0 0.325294 0.685697 0.056628 0.049195
0 0.328440 0.736714 0.068792 0.051017
0 0.334732 0.790161 0.068792 0.066201
0 0.253356 0.686608 0.055369 0.051017
0 0.254614 0.741877 0.063758 0.051625
0 0.255453 0.782417 0.046141 0.031886
0 0.182886 0.686001 0.070470 0.055269