0 0.452527 0.494845 0.188361 0.127148
0 0.376723 0.632732 0.150077 0.112543
0 0.309342 0.769759 0.232772 0.120275
0 0.260337 0.884880 0.208270 0.092784
0 0.226646 1.014175 0.217458 0.122852
0 0.206738 1.154210 0.223583 0.122852
0 0.226646 1.258591 0.153139 0.046392
0 0.228943 1.315292 0.169985 0.073883
0 0.261868 1.408505 0.189893 0.112543
0 0.304747 1.499141 0.143951 0.056701
0 0.342266 1.578179 0.200613 0.091065
0 0.382083 1.667526 0.139357 0.080756
0 0.474732 1.751718 0.263400 0.101375
0 1.146248 0.893471 0.166922 0.087629
0 1.160031 1.030069 0.169985 0.106529
0 1.177642 1.157216 0.235835 0.120275
0 0.987749 0.889175 0.131700 0.101375
0 0.981623 0.993127 0.153139 0.103093
0 0.985452 1.089347 0.139357 0.067010
0 0.980858 1.175687 0.197550 0.093643