0 1.413356 0.270000 0.196112 0.282857
0 1.472527 0.558571 0.226543 0.251429
0 1.497041 0.854286 0.228233 0.294286
0 1.546069 1.154286 0.285714 0.271429
0 1.577346 1.451429 0.253593 0.285714
0 1.182587 0.281429 0.184277 0.284286
0 1.207101 0.577143 0.229924 0.294286
0 1.286560 1.150714 0.179205 0.281429
0 1.327134 1.400000 0.172443 0.188571
0 0.938292 0.283571 0.233305 0.290000
0 0.973795 0.572143 0.240068 0.281429
0 0.975486 0.867500 0.246830 0.272143
0 1.049873 1.187857 0.192730 0.255714
0 1.107354 1.471429 0.240068 0.320000
0 0.689772 0.280714 0.202874 0.290000
0 0.735418 0.583214 0.233305 0.289286
0 0.791209 0.877500 0.182587 0.289286
0 0.819104 1.163571 0.204565 0.287143
0 0.869822 1.453571 0.238377 0.281429
0 0.463229 0.281786 0.196112 0.289286
0 0.511412 0.587143 0.211327 0.285714
0 0.527473 0.872500 0.216399 0.267857
0 0.590025 1.160714 0.240068 0.271429
0 0.648352 1.468214 0.211327 0.296429
0 0.216399 0.287857 0.179205 0.318571
0 0.268808 0.592143 0.233305 0.264286
0 0.297549 0.889286 0.236686 0.295714
0 0.348267 1.172143 0.250211 0.258571
0 0.408284 1.465000 0.228233 0.308571