0 1.023102 0.277011 0.244224 0.108855
0 1.183168 1.034119 0.168317 0.141348
0 1.169967 1.133225 0.201320 0.073111
0 1.148515 1.334687 0.171617 0.095857
0 1.118812 1.421202 0.211221 0.086921
0 1.108911 1.500406 0.217822 0.073111
0 1.081683 1.593014 0.202970 0.082859
0 0.560231 0.695370 0.183168 0.102356
0 0.539604 0.798538 0.168317 0.099106
0 0.541254 0.890333 0.165017 0.095857
0 0.409241 0.650690 0.112211 0.034119
0 0.408416 0.700244 0.123762 0.074736
0 0.404290 0.756296 0.128713 0.037368
0 0.400990 0.813160 0.128713 0.094232
0 0.247525 0.820471 0.171617 0.089358
0 0.270627 0.924452 0.168317 0.107230
0 0.528053 1.010561 0.168317 0.073111
0 0.523102 1.086109 0.138614 0.079610
0 0.536304 1.219334 0.198020 0.151097
0 0.316007 1.219740 0.265677 0.114541