0 1.343137 0.242841 0.294118 0.208150
0 1.350980 0.444934 0.200000 0.132159
0 1.396078 0.681167 0.274510 0.168502
0 1.411765 0.897577 0.321569 0.178414
0 1.052941 0.223018 0.211765 0.142070
0 1.073529 0.471366 0.264706 0.198238
0 1.073529 0.698789 0.288235 0.175110
0 1.092157 0.910793 0.176471 0.171806
0 1.088235 1.143722 0.211765 0.135463
0 1.083333 1.418502 0.276471 0.237885
0 0.750000 0.249449 0.276471 0.194934
0 0.776471 0.453194 0.235294 0.161894
0 0.800000 0.689427 0.235294 0.211454
0 0.780392 1.188326 0.258824 0.151982
0 0.823529 1.424559 0.258824 0.227974
0 0.458824 0.256057 0.317647 0.181718
0 0.467647 0.559471 0.417647 0.339207
0 0.476471 0.955396 0.258824 0.161894
0 0.402941 1.171806 0.358824 0.211454
0 0.497059 1.405286 0.335294 0.198238
0 0.490196 1.636564 0.321569 0.198238