0 1.678922 0.228505 0.236928 0.176636
0 1.647876 0.440187 0.102941 0.162617
0 1.651144 0.647664 0.214052 0.170093
0 1.665850 0.825234 0.236928 0.114019
0 1.675654 1.028505 0.236928 0.156075
0 1.656046 1.216822 0.197712 0.160748
0 1.672386 1.415888 0.236928 0.140187
0 1.652778 1.620093 0.236928 0.191589
0 1.436275 0.237850 0.173203 0.187850
0 1.436275 0.437383 0.205882 0.157009
0 1.441993 0.628505 0.236928 0.199065
0 1.434641 0.827570 0.222222 0.171028
0 1.405229 1.037383 0.183007 0.186916
0 1.438725 1.241589 0.236928 0.199065
0 1.437908 1.431308 0.202614 0.148598
0 1.441176 1.622897 0.209150 0.163551
0 1.197712 0.245327 0.205882 0.172897
0 1.209967 0.446262 0.236928 0.187850
0 1.206699 0.646729 0.236928 0.209346
0 1.204248 0.841121 0.218954 0.186916
0 1.215686 1.026636 0.209150 0.129907
0 1.217320 1.226168 0.225490 0.160748
0 1.210784 1.434579 0.232026 0.166355
0 1.213235 1.625701 0.236928 0.199065
0 0.981209 0.245327 0.236928 0.172897
0 0.980392 0.440187 0.209150 0.177570
0 0.968954 0.630374 0.205882 0.199065
0 0.990196 0.819159 0.202614 0.157944
0 0.970588 1.043925 0.209150 0.155140
0 0.990196 1.238785 0.222222 0.182243
0 1.005719 1.429439 0.214052 0.182243
0 1.001634 1.638785 0.232026 0.199065
0 0.750000 0.250000 0.186275 0.178505
0 0.756536 0.444860 0.192810 0.171963
0 0.759804 0.648131 0.205882 0.174766
0 0.767974 0.831776 0.235294 0.149533
0 0.751634 1.036916 0.176471 0.199065
0 0.765523 1.240187 0.236928 0.177570
0 0.765523 1.435514 0.236928 0.201869
0 0.748366 1.578505 0.156863 0.102804
0 0.785131 1.685981 0.191176 0.134579
0 0.535131 0.248131 0.210784 0.174766
0 0.545752 0.450000 0.202614 0.199065
0 0.548203 0.653738 0.236928 0.167290
0 0.551471 0.856542 0.236928 0.199065
0 0.542484 1.044393 0.222222 0.199065
0 0.545752 1.251869 0.222222 0.197196
0 0.542484 1.435047 0.222222 0.171028
0 0.545752 1.633645 0.267974 0.183178
0 0.312092 0.259813 0.245098 0.213084
0 0.317810 0.450000 0.236928 0.150467
0 0.310458 0.647664 0.209150 0.229907
0 0.324346 0.829907 0.217320 0.138318
0 0.318627 0.948598 0.153595 0.128972
0 0.328431 1.081308 0.199346 0.166355
0 0.322712 1.249065 0.214052 0.176636
0 0.327614 1.441121 0.236928 0.179439
0 0.314542 1.629439 0.204248 0.184112