0 1.661157 0.119048 0.161616 0.139048
0 1.692378 0.267619 0.130395 0.139048
0 1.698806 0.467143 0.143251 0.237143
0 1.720845 0.729524 0.128558 0.230476
0 1.505051 0.180476 0.145087 0.235238
0 1.490358 0.402857 0.172635 0.230476
0 1.485308 0.582857 0.164371 0.160000
0 1.483012 0.787143 0.163453 0.229524
0 1.230487 0.193333 0.154270 0.220952
0 1.241506 0.410476 0.174472 0.213333
0 1.271350 0.612381 0.199265 0.186667
0 1.261708 0.803810 0.157943 0.213333
0 0.946740 0.209524 0.224059 0.251429
0 0.954086 0.453333 0.156107 0.243810
0 0.947658 0.725714 0.179982 0.220952
0 0.737374 0.199524 0.154270 0.208571
0 0.723600 0.407143 0.179982 0.170476
0 0.738751 0.580476 0.199265 0.204762
0 0.769513 0.795238 0.161616 0.219048
0 0.493113 0.204762 0.157943 0.247619
0 0.515152 0.430000 0.154270 0.208571
0 0.530762 0.618095 0.132231 0.169524
0 0.538567 0.779048 0.166208 0.190476
0 0.326905 0.187619 0.192837 0.188571
0 0.329201 0.356190 0.169881 0.198095
0 0.353535 0.581905 0.181818 0.222857
0 0.341598 0.765714 0.172635 0.186667
0 1.712580 1.708571 0.229568 0.291429
0 1.407713 1.211429 0.189164 0.201905
0 1.456382 1.448571 0.179982 0.226667
0 1.485767 1.682857 0.185491 0.230476
0 1.202020 1.270476 0.185491 0.255238
0 1.199265 1.545714 0.216713 0.276190
0 1.168962 1.807619 0.236915 0.255238
0 0.865932 1.333333 0.214876 0.259048
0 0.915060 1.610476 0.199265 0.219048
0 0.932048 1.803810 0.163453 0.194286
0 0.642792 1.290476 0.191001 0.219048
0 0.612948 1.598095 0.226814 0.339048
0 0.407713 1.261429 0.198347 0.273333