0 1.356115 0.235437 0.237410 0.150485
0 1.392086 0.406149 0.215827 0.148867
0 1.433453 0.558657 0.262590 0.143204
0 1.437950 0.720874 0.210432 0.105178
0 1.489209 0.917880 0.248201 0.139968
0 1.497302 1.079288 0.289568 0.152104
0 1.539568 1.292071 0.223022 0.147249
0 1.593525 1.465210 0.223022 0.147249
0 1.611511 1.625809 0.190647 0.154531
0 1.598921 1.806634 0.212230 0.147249
0 1.113309 0.238673 0.269784 0.150485
0 1.098921 0.385113 0.241007 0.135922
0 1.115108 0.546117 0.205036 0.134304
0 1.143885 0.739078 0.262590 0.135113
0 1.198741 0.901699 0.282374 0.159385
0 1.220324 1.271036 0.239209 0.137540
0 1.230216 1.443770 0.237410 0.118932
0 1.299460 1.619741 0.232014 0.145631
0 1.321942 1.812702 0.226619 0.156149
0 0.770683 0.237055 0.181655 0.137540
0 0.785072 0.385922 0.246403 0.163430
0 0.776079 0.573220 0.246403 0.143204
0 0.724820 0.749191 0.255396 0.168285
0 0.735612 0.930421 0.226619 0.161812
0 0.724820 1.129045 0.241007 0.173948
0 0.752698 1.292880 0.264388 0.137540
0 0.782374 1.468042 0.251799 0.125405
0 0.765288 1.642395 0.257194 0.161812
0 0.825540 1.814725 0.244604 0.156958
0 0.539568 0.239887 0.287770 0.159385
0 0.513489 0.408981 0.260791 0.186893
0 0.483813 0.604369 0.230216 0.199029
0 0.474820 0.779126 0.251799 0.131068
0 0.446942 0.923139 0.185252 0.114887
0 0.453237 1.104369 0.187050 0.169903
0 0.445144 1.275081 0.199640 0.132686
0 0.438849 1.461165 0.219424 0.155340
0 0.419065 1.639968 0.194245 0.147249
0 0.412770 1.802994 0.235612 0.149676