0 0.696840 0.154947 0.198194 0.125347
0 0.684650 0.344219 0.206321 0.196498
0 0.678330 0.507504 0.139503 0.117287
0 0.686005 0.664814 0.192777 0.145081
0 0.687585 0.833380 0.174266 0.142023
0 0.485102 0.146192 0.203612 0.170094
0 0.462302 0.491801 0.158014 0.128683
0 0.459594 0.655920 0.179684 0.160089
0 0.477201 0.819344 0.182393 0.146748
0 0.270880 0.164953 0.176975 0.184825
0 0.254853 0.340884 0.225282 0.130350
0 0.257562 0.498332 0.219865 0.155086
0 0.258465 0.670928 0.211738 0.166759
0 0.265463 0.831017 0.187810 0.117287