0 0.579882 0.225587 0.623274 0.109008
0 0.591716 0.352763 0.504931 0.105980
0 0.605523 0.434519 0.469428 0.057532
0 0.605523 0.521575 0.500986 0.077214
0 0.589744 0.610901 0.469428 0.068130
0 0.587771 0.696442 0.568047 0.096896
0 0.627219 0.805450 0.686391 0.109008
0 0.654832 0.890992 0.536489 0.080242
0 0.613412 0.980318 0.453649 0.074186
0 0.589744 1.062831 0.469428 0.057532
0 0.607495 1.159727 0.504931 0.109008
0 0.587771 1.282362 0.433925 0.096896
0 0.577909 1.380394 0.587771 0.061317
0 0.544379 1.449659 0.489152 0.083270
0 0.613412 1.559425 0.587771 0.102952
0 0.544379 1.667676 0.552268 0.068130