0 0.671953 0.114077 0.190920 0.113033
0 0.686878 0.218163 0.190920 0.113033
0 0.701803 0.333880 0.190920 0.107665
0 0.739117 0.466597 0.205846 0.158366
0 0.726057 0.627498 0.209577 0.167015
0 0.740983 0.757680 0.157338 0.100507
0 0.727923 0.867134 0.161070 0.114823
0 0.484764 0.100656 0.183458 0.068297
0 0.494092 0.177751 0.179726 0.097226
0 0.490361 0.268565 0.164801 0.087981
0 0.505286 0.369967 0.217040 0.121980
0 0.507152 0.483000 0.175995 0.104086
0 0.518346 0.560990 0.168532 0.048315
0 0.523943 0.638234 0.209577 0.109752
0 0.555659 0.754996 0.198383 0.113033
0 0.561878 0.868923 0.157338 0.114823
0 0.282649 0.147331 0.220771 0.136594
0 0.288246 0.262899 0.194652 0.098718
0 0.283893 0.369072 0.172264 0.102296
0 0.290112 0.566508 0.138682 0.059350
0 0.306903 0.676111 0.269279 0.163436
0 0.346393 0.851029 0.281095 0.190576