0 0.247241 0.165469 0.132450 0.142026
0 0.262693 0.318617 0.131347 0.158111
0 0.270419 0.438227 0.162252 0.097536
0 0.291943 0.492642 0.158940 0.057837
0 0.290563 0.599247 0.191501 0.159480
0 0.281181 0.758727 0.201435 0.168378
0 0.462748 0.168720 0.222406 0.190965
0 0.461921 0.314853 0.140177 0.119781
0 0.508278 0.423682 0.135762 0.099247
0 0.465784 0.611567 0.169978 0.156742
0 0.485375 0.805613 0.206954 0.240931
0 0.701435 0.149042 0.165563 0.109172
0 0.698400 0.317248 0.182671 0.162218
0 0.686258 0.462868 0.176049 0.126968
0 0.693709 0.740075 0.156733 0.124914
0 0.699779 0.866530 0.164459 0.103354