0 1.736403 1.367120 0.084160 0.084054
0 1.738785 1.477750 0.073045 0.117429
0 1.749107 1.595797 0.087336 0.091471
0 1.408892 1.365266 0.080191 0.117429
0 1.409289 1.484549 0.085748 0.108776
0 1.405717 1.611867 0.078603 0.123609
0 1.097261 1.325093 0.085748 0.088999
0 1.087733 1.435105 0.069869 0.108776
0 1.082175 1.553770 0.066693 0.116193
0 0.745931 1.345488 0.075427 0.117429
0 0.739976 1.467862 0.087336 0.124845
0 0.741167 1.593325 0.077015 0.111248
0 0.425566 1.385661 0.117507 0.086527
0 0.415641 1.484549 0.108773 0.108776
0 0.423581 1.600742 0.094482 0.133498
0 0.105597 1.236712 0.120683 0.095179
0 0.104010 1.428925 0.090512 0.113721