0 1.228893 1.314625 0.258912 0.164058
0 1.277674 1.580680 0.273921 0.212628
0 1.270169 1.772261 0.258912 0.140313
0 0.942777 1.125742 0.230769 0.161900
0 0.930582 1.268214 0.198874 0.058284
0 0.949343 1.400432 0.262664 0.150027
0 0.938086 1.584458 0.232645 0.129520
0 0.924015 1.725850 0.260788 0.125202
0 0.698874 1.192661 0.219512 0.220183
0 0.690432 1.436589 0.243902 0.170534
0 0.658537 1.712898 0.243902 0.243929
0 0.412758 0.988667 0.157598 0.151106
0 0.407129 1.119806 0.277674 0.087426
0 0.420263 1.364274 0.251407 0.297895