0 0.731441 0.149735 0.172801 0.145247
0 0.753587 0.366177 0.178415 0.201142
0 0.764192 0.571807 0.205864 0.163607
0 0.765440 0.776418 0.219588 0.242350
0 0.505303 0.144635 0.192140 0.148919
0 0.504679 0.286210 0.153462 0.120359
0 0.530880 0.452468 0.194635 0.197470
0 0.561135 0.644431 0.156581 0.147287
0 0.563943 0.824153 0.167187 0.168911
0 0.310356 0.165035 0.170306 0.175847
0 0.328135 0.392085 0.167187 0.152591
0 0.347473 0.587719 0.194635 0.192166
0 0.370243 0.797022 0.213974 0.157895
0 0.129757 0.155039 0.167187 0.181151
0 0.132252 0.367809 0.203369 0.211750
0 0.145352 0.576091 0.180911 0.154223
0 0.144105 0.723378 0.189644 0.136271
0 0.156893 0.870053 0.170306 0.120359