0 1.275152 0.328954 0.190549 0.147349
0 1.269817 0.461755 0.179878 0.088221
0 1.269817 0.588456 0.161585 0.135148
0 1.253049 0.728297 0.213415 0.114500
0 1.256098 0.923510 0.182927 0.108869
0 1.266768 1.023463 0.149390 0.096668
0 1.274390 1.152511 0.170732 0.138902
0 1.269055 1.305490 0.190549 0.153918
0 1.258384 1.453778 0.205793 0.144533
0 1.269055 1.600188 0.190549 0.146410
0 1.279726 1.732520 0.205793 0.116377
0 1.276677 1.834819 0.205793 0.090099
0 1.078506 0.329423 0.211890 0.155795
0 1.076220 0.470202 0.158537 0.125763
0 1.071646 0.608634 0.173780 0.115439
0 1.076220 0.747067 0.152439 0.142656
0 1.045732 0.885500 0.207317 0.130455
0 1.071646 1.014547 0.189024 0.105115
0 1.066311 1.150164 0.236280 0.171750
0 1.058689 1.302206 0.184451 0.158611
0 1.052591 1.463632 0.178354 0.149226
0 1.044207 1.605819 0.189024 0.118254
0 1.047256 1.717034 0.222561 0.100422
0 1.042683 1.832004 0.176829 0.123885
0 0.871951 0.322853 0.176829 0.125763
0 0.865854 0.446739 0.195122 0.131394
0 0.881098 0.585641 0.182927 0.129517
0 0.875000 0.728297 0.195122 0.146410
0 0.855183 0.906617 0.176829 0.187705
0 0.865854 1.058658 0.189024 0.108869
0 0.850610 1.185359 0.201220 0.138902
0 0.838415 1.318630 0.176829 0.148287
0 0.833841 1.465978 0.185976 0.133271
0 0.815549 1.614266 0.192073 0.123885
0 0.826220 1.725950 0.155488 0.105115
0 0.828506 1.825434 0.163110 0.114500
0 0.705793 0.314406 0.173780 0.118254
0 0.699695 0.450023 0.152439 0.117316
0 0.695122 0.584233 0.170732 0.117316
0 0.689787 0.718911 0.190549 0.114500
0 0.681402 0.866260 0.185976 0.135148
0 0.666159 1.014547 0.155488 0.129517
0 0.675305 1.162834 0.179878 0.146410
0 0.637195 1.312999 0.158537 0.140779
0 0.618902 1.467855 0.161585 0.135148
0 0.630335 1.614266 0.163110 0.137025
0 0.625000 1.786954 0.274390 0.165181