0 0.774868 0.214592 0.130329 0.176597
0 0.784206 0.424188 0.118149 0.161969
0 0.792935 0.620585 0.128299 0.163753
0 0.793747 0.806636 0.110434 0.170532
0 0.622615 0.216019 0.129517 0.172315
0 0.631953 0.427934 0.132765 0.180878
0 0.620179 0.631466 0.146569 0.185516
0 0.626472 0.806814 0.097442 0.113807
0 0.471173 0.198002 0.120585 0.179094
0 0.468331 0.427042 0.154689 0.186229
0 0.472188 0.631466 0.126675 0.174813
0 0.465692 0.817695 0.117743 0.171245
0 0.312221 0.217446 0.139667 0.187299
0 0.316484 0.431145 0.150629 0.217981
0 0.320544 0.662326 0.146569 0.173029
0 0.322371 0.826436 0.129923 0.172315
0 0.167479 0.658045 0.145757 0.183732