0 0.686879 0.675889 0.208748 0.134387
0 0.684891 0.810771 0.172962 0.105731
0 0.691849 0.911561 0.202783 0.083992
0 0.689861 0.991107 0.202783 0.061265
0 0.680915 1.062747 0.145129 0.060277
0 0.689861 1.120059 0.214712 0.050395
0 0.701789 1.185277 0.163022 0.072134
0 0.719682 1.289526 0.155070 0.106719
0 0.731610 1.394269 0.170974 0.065217
0 0.701789 1.521739 0.163022 0.055336
0 0.691849 1.578063 0.166998 0.049407
0 0.687873 1.638340 0.182903 0.077075
0 0.683897 1.708004 0.190855 0.072134
0 0.675944 1.813241 0.222664 0.128458