0 1.434200 0.470736 0.138692 0.112040
0 1.451537 0.587793 0.176517 0.098662
0 1.472025 0.668060 0.138692 0.058528
0 1.479117 0.754599 0.137116 0.084448
0 1.494090 0.854097 0.135540 0.082776
0 1.482270 0.958612 0.100867 0.097826
0 1.481481 1.036789 0.122931 0.060201
0 1.473601 1.198997 0.116627 0.073579
0 1.466903 1.288462 0.096927 0.078595
0 1.452719 1.374582 0.109535 0.090301
0 1.444050 1.470736 0.123719 0.105351
0 1.427896 1.592809 0.135540 0.088629
0 1.386131 1.707358 0.133964 0.130435
0 1.345548 1.838629 0.128448 0.122074