0 1.616015 0.276127 0.167718 0.203260
0 1.617276 0.570470 0.195460 0.209012
0 1.608449 0.902205 0.195460 0.209012
0 1.630517 1.172579 0.214376 0.201342
0 1.610340 1.546980 0.206810 0.292426
0 1.576923 1.810642 0.180328 0.127517
0 1.296343 0.275168 0.171501 0.187919
0 1.287516 0.556088 0.199243 0.210930
0 1.297604 0.902205 0.234552 0.209012
0 1.283102 1.189837 0.253468 0.251198
0 1.287516 1.550336 0.214376 0.255034
0 1.270492 1.819751 0.210593 0.197507
0 0.975410 0.336529 0.240858 0.251198
0 0.960277 0.695110 0.210593 0.243528
0 0.951450 1.030201 0.182850 0.181208
0 0.967213 1.361457 0.249685 0.199425
0 0.947667 1.754554 0.167718 0.241611
0 0.676545 0.299616 0.253468 0.204219
0 0.672762 0.651486 0.225725 0.248322
0 0.655738 1.047939 0.206810 0.285714
0 0.644388 1.379674 0.214376 0.262704
0 0.632409 1.747363 0.225725 0.236817
0 0.398487 0.276127 0.216898 0.209012
0 0.382724 0.621764 0.210593 0.227229
0 0.351828 1.010547 0.234552 0.253116
0 0.372005 1.375839 0.206810 0.212848
0 0.356873 1.700863 0.176545 0.187919