0 1.519676 0.218164 0.208333 0.159921
0 1.471065 0.620434 0.270833 0.338598
0 1.472222 0.985192 0.250000 0.260612
0 1.435185 1.328233 0.250000 0.247779
0 1.422454 1.601678 0.199074 0.186575
0 1.167245 0.250247 0.204861 0.168806
0 1.182870 0.622902 0.291667 0.412636
0 1.168981 0.968411 0.240741 0.262586
0 1.141204 1.263574 0.222222 0.242843
0 1.136574 1.592300 0.250000 0.323791
0 0.819444 0.362290 0.256944 0.384995
0 0.843750 0.740375 0.284722 0.292201
0 0.843750 1.150543 0.252315 0.344521
0 0.857639 1.561698 0.254630 0.256663
0 0.456019 0.299112 0.349537 0.333662
0 0.515625 0.636723 0.265046 0.290227
0 0.536458 1.019743 0.265046 0.290227
0 0.576968 1.290227 0.195602 0.144126
0 0.579861 1.590326 0.201389 0.191510