0 0.758693 0.196562 0.206533 0.091181
0 0.800843 0.302691 0.219178 0.107623
0 0.849315 0.392377 0.231823 0.037369
0 0.828240 0.450673 0.206533 0.094170
0 0.821918 0.630792 0.181243 0.089686
0 0.846154 0.725710 0.263435 0.079223
0 0.828240 0.831465 0.223393 0.108371
0 0.851423 1.013079 0.299262 0.178625
0 0.801897 1.180120 0.280295 0.103139
0 0.542677 0.470852 0.217071 0.092676
0 0.585880 0.733184 0.219178 0.056801
0 0.585880 0.792227 0.134879 0.074738
0 0.596417 0.886024 0.214963 0.097907
0 0.847208 1.286996 0.236038 0.080717
0 0.755532 1.372197 0.280295 0.101644
0 0.696523 1.489537 0.263435 0.104634
0 0.495258 1.862108 0.219178 0.039611
0 0.444679 1.922646 0.198103 0.071001
0 0.599579 1.277280 0.162276 0.073244
0 0.554268 1.350523 0.139094 0.076233
0 0.507903 1.427504 0.139094 0.044843
0 0.484721 1.487668 0.147524 0.063528
0 0.474183 1.570254 0.160169 0.089686