0 0.929073 0.250000 0.072934 0.161927
0 0.933255 0.382306 0.061894 0.157978
0 0.930077 0.528041 0.065574 0.207741
0 0.928237 0.758294 0.056541 0.243286
0 0.860656 0.203002 0.062563 0.202212
0 0.865507 0.426540 0.066243 0.248025
0 0.870358 0.609005 0.069923 0.142180
0 0.873202 0.778436 0.072934 0.226698
0 0.777350 0.172591 0.080629 0.161927
0 0.784041 0.330964 0.069254 0.151659
0 0.793744 0.518957 0.089997 0.246445
0 0.801271 0.742891 0.073603 0.225118
0 0.701238 0.206951 0.091000 0.233807
0 0.716460 0.451027 0.075276 0.233807
0 0.718635 0.614929 0.052191 0.114534
0 0.720977 0.759084 0.075611 0.205371
0 0.614252 0.181280 0.064905 0.165087
0 0.630646 0.382701 0.079625 0.206161
0 0.640348 0.588863 0.078956 0.209321
0 0.650887 0.782780 0.068585 0.218009
0 0.553697 0.192733 0.066912 0.202212
0 0.557377 0.385466 0.058213 0.183254
0 0.563734 0.581359 0.073603 0.202212
0 0.573101 0.788310 0.084978 0.232227
0 0.468217 0.196682 0.081298 0.200632
0 0.478254 0.392970 0.080629 0.195103
0 0.483941 0.624013 0.088658 0.230648
0 0.487956 0.819905 0.099364 0.194313
0 0.380228 0.212085 0.089997 0.258294
0 0.381398 0.499210 0.077618 0.312796
0 0.387253 0.790679 0.087320 0.279621
0 0.290733 0.233017 0.078956 0.202212
0 0.301271 0.511058 0.076614 0.360190
0 0.306792 0.817141 0.097692 0.237757
0 0.202576 0.241706 0.102710 0.233807
0 0.215289 0.490916 0.087320 0.242496
0 0.221144 0.738152 0.078956 0.269352
0 0.090498 0.236572 0.109401 0.206161
0 0.104717 0.548183 0.112412 0.385466
0 0.124624 0.836888 0.075276 0.149289