0 0.668747 0.170534 0.143787 0.111450
0 0.670374 0.397710 0.134021 0.105954
0 0.671460 0.560153 0.194791 0.201221
0 0.657081 0.814198 0.146500 0.098626
0 0.443570 0.194656 0.198047 0.130992
0 0.432447 0.321527 0.169289 0.097099
0 0.430548 0.416641 0.140532 0.100458
0 0.433532 0.526107 0.146500 0.118473
0 0.420781 0.623053 0.178513 0.082748
0 0.411557 0.713588 0.185024 0.095267
0 0.418068 0.823053 0.191536 0.109618
0 0.239284 0.240611 0.172545 0.122137
0 0.239284 0.391450 0.172545 0.150840
0 0.199132 0.543053 0.156267 0.127328
0 0.188009 0.683969 0.229517 0.122137
0 0.196419 0.812366 0.162778 0.105954