0 0.561028 0.170168 0.041399 0.078431
0 0.562812 0.241947 0.039258 0.055322
0 0.561385 0.310224 0.034975 0.060224
0 0.563526 0.372899 0.027837 0.052521
0 0.574233 0.425420 0.040685 0.052521
0 0.577802 0.489146 0.027837 0.058123
0 0.515703 0.163515 0.039258 0.070728
0 0.506781 0.226541 0.034261 0.046919
0 0.509993 0.279062 0.064954 0.056723
0 0.498216 0.340686 0.041399 0.055322
0 0.496074 0.397759 0.052819 0.054622
0 0.496431 0.463585 0.067809 0.081232
0 0.946110 0.816176 0.040685 0.065126
0 0.896146 0.672269 0.023555 0.042017
0 0.897930 0.797619 0.029979 0.049020
0 0.866881 0.617297 0.030692 0.052521
0 0.857602 0.674720 0.034975 0.056723
0 0.852962 0.865896 0.045682 0.083333
0 0.807281 0.602241 0.074233 0.065826
0 0.760528 0.725490 0.049251 0.054622
0 0.756246 0.775210 0.037830 0.047619
0 0.754818 0.843487 0.036403 0.081933
0 0.307994 0.570728 0.052106 0.039216
0 0.282298 0.778361 0.044968 0.059524
0 0.281585 0.843487 0.043540 0.065126
0 0.250892 0.577731 0.052106 0.053221
0 0.226624 0.837535 0.039258 0.058824
0 0.191292 0.585084 0.047109 0.073529
0 0.182013 0.652311 0.054247 0.066527
0 0.141685 0.580882 0.053533 0.074930
0 0.095289 0.887605 0.043540 0.049720