0 0.546000 0.136077 0.133333 0.083998
0 0.541000 0.206846 0.095333 0.065939
0 0.535333 0.283914 0.098667 0.062159
0 0.520667 0.364133 0.134667 0.094078
0 0.515333 0.450861 0.100000 0.065939
0 0.510333 0.560899 0.112667 0.097858
0 0.500333 0.643637 0.114000 0.075178
0 0.493667 0.736875 0.130000 0.086098
0 0.403333 0.116548 0.108000 0.065099
0 0.403667 0.202646 0.112667 0.081058
0 0.394667 0.287064 0.101333 0.076018
0 0.380667 0.454851 0.137333 0.073919
0 0.378667 0.562369 0.134667 0.073079
0 0.343000 0.656867 0.136667 0.115078