0 1.781995 0.249871 0.149878 0.194115
0 1.789294 0.477026 0.166423 0.218895
0 1.780535 0.712442 0.174209 0.202375
0 1.789294 0.941146 0.164477 0.205472
0 1.778102 1.152297 0.134307 0.198245
0 1.764477 1.358802 0.177129 0.204440
0 1.754258 1.583893 0.174209 0.192050
0 1.774209 1.770780 0.192701 0.185854
0 1.623844 0.257615 0.156691 0.186887
0 1.616545 0.475994 0.163504 0.218895
0 1.617032 0.698503 0.154745 0.186887
0 1.619951 0.908622 0.166423 0.210635
0 1.618491 1.125452 0.169343 0.206505
0 1.601946 1.341249 0.153771 0.200310
0 1.597080 1.549819 0.163504 0.200310
0 1.604866 1.767166 0.140146 0.184822
0 1.461800 0.259680 0.147932 0.184822
0 1.461800 0.469799 0.151825 0.220960
0 1.461314 0.686113 0.156691 0.195147
0 1.444282 0.890036 0.157664 0.198245
0 1.451095 1.101704 0.145985 0.179659
0 1.443796 1.315436 0.176156 0.247806
0 1.446715 1.532266 0.117762 0.161074
0 1.450122 1.750129 0.179075 0.237481
0 1.293431 0.258131 0.142092 0.198245
0 1.309489 0.479091 0.162530 0.223025
0 1.308029 0.707279 0.167397 0.223025
0 1.299270 0.913784 0.142092 0.196180
0 1.296350 1.123387 0.161557 0.210635
0 1.277372 1.327827 0.137226 0.179659
0 1.284672 1.518844 0.190754 0.212700
0 1.287105 1.749613 0.176156 0.252969
0 1.139173 0.259164 0.164477 0.200310
0 1.155231 0.465669 0.177129 0.198245
0 1.154258 0.679401 0.151825 0.204440
0 1.158151 0.883841 0.155718 0.192050
0 1.140146 1.098606 0.166423 0.231285
0 1.118248 1.302013 0.132360 0.196180
0 1.109002 1.510583 0.146959 0.212700
0 1.120195 1.770780 0.181022 0.241611
0 0.980049 0.238513 0.153771 0.196180
0 0.989294 0.465152 0.156691 0.224058
0 1.001460 0.674239 0.138200 0.216830
0 1.009246 0.880227 0.130414 0.226123
0 1.002433 1.090346 0.136253 0.198245
0 0.980535 1.296851 0.154745 0.227155
0 0.975182 1.508518 0.167397 0.198245
0 0.951825 1.744966 0.179075 0.276717
0 0.836983 0.638100 0.173236 0.194115
0 0.843796 0.846670 0.167397 0.206505
0 0.844769 1.080021 0.163504 0.231285
0 0.836010 1.304595 0.173236 0.234383
0 0.821411 1.511616 0.147932 0.189985
0 0.794161 1.711926 0.163504 0.202375
0 0.665693 0.669076 0.140146 0.183789
0 0.691484 0.865256 0.166423 0.241611
0 0.698297 1.089313 0.127494 0.204440
0 0.684185 1.304078 0.173236 0.220960
0 0.669586 1.524006 0.157664 0.202375
0 0.617032 1.751162 0.167397 0.231285
0 0.508516 0.660816 0.154745 0.202375
0 0.540146 0.880743 0.161557 0.196180
0 0.537713 1.101704 0.183942 0.210635
0 0.529440 1.310274 0.182968 0.202375
0 0.491484 1.526071 0.145985 0.202375
0 0.470073 1.735674 0.192701 0.249871
0 0.334793 0.467734 0.140146 0.159009
0 0.378589 0.703149 0.182968 0.287042
0 0.388808 0.953020 0.146959 0.233351
0 0.365937 1.170367 0.151825 0.213733
0 0.307543 1.459473 0.192701 0.304595
0 0.256448 1.734125 0.154745 0.226123
0 0.181022 0.257615 0.124574 0.155911
0 0.186375 0.470831 0.166423 0.227155
0 0.203893 0.684564 0.146959 0.192050
0 0.216058 0.904491 0.190754 0.223025
0 0.210706 1.150232 0.164477 0.202375