0 0.865302 0.173096 0.112248 0.199738
0 0.870584 0.325433 0.099043 0.107551
0 0.869429 0.450964 0.101354 0.125858
0 0.864972 0.611311 0.111588 0.149068
0 0.864147 0.820203 0.103995 0.151030
0 0.744470 0.350932 0.111588 0.113436
0 0.745626 0.486597 0.109277 0.125858
0 0.744140 0.649886 0.097722 0.162144
0 0.762463 0.796666 0.090129 0.111147
0 0.594916 0.190258 0.145262 0.207911
0 0.598547 0.412226 0.177616 0.236025
0 0.606471 0.643511 0.124133 0.180124
0 0.604325 0.825433 0.160779 0.168683
0 0.448663 0.225074 0.167052 0.271004
0 0.458567 0.462079 0.130076 0.206277
0 0.459723 0.661164 0.142291 0.194508
0 0.321063 0.404054 0.129086 0.202681
0 0.304721 0.667375 0.143282 0.264466
0 0.169858 0.478097 0.175305 0.218699
0 0.162265 0.675384 0.113239 0.132723
0 0.155332 0.809905 0.108617 0.123243