0 0.711439 0.270938 0.181550 0.146743
0 0.717343 0.404080 0.188930 0.138153
0 0.728782 0.545455 0.201476 0.161775
0 0.733210 0.677523 0.177860 0.139585
0 0.739114 0.775948 0.152768 0.085898
0 0.745018 0.858268 0.176384 0.088762
0 0.540221 0.300286 0.172694 0.153901
0 0.542435 0.462062 0.156458 0.099499
0 0.537269 0.562276 0.163838 0.125268
0 0.547232 0.641016 0.191144 0.052255
0 0.547601 0.761632 0.187454 0.150322
0 0.359041 0.265927 0.185240 0.116679
0 0.360886 0.402291 0.196310 0.168933
0 0.358303 0.518969 0.169004 0.085898
0 0.352030 0.641732 0.188930 0.162491
0 0.356458 0.801360 0.187454 0.178239