0 1.708749 0.505566 0.179402 0.290766
0 1.655592 0.878847 0.188261 0.254093
0 1.656146 1.253438 0.215947 0.351015
0 1.662237 1.563851 0.201550 0.303864
0 1.413621 0.471513 0.156146 0.251473
0 1.368771 0.857891 0.199336 0.385069
0 1.331672 1.279633 0.191584 0.280288
0 1.306755 1.622135 0.177187 0.273739
0 1.110742 0.388998 0.214839 0.251473
0 1.119601 0.795023 0.217054 0.484610
0 1.115172 1.244925 0.188261 0.318271
0 1.079734 1.586117 0.201550 0.337917
0 0.851606 0.433530 0.179402 0.290766
0 0.848283 0.820563 0.208195 0.341847
0 0.837209 1.144073 0.197121 0.255403
0 0.821705 1.493124 0.177187 0.309103
0 0.619601 0.537656 0.204873 0.273739
0 0.595792 0.860511 0.197121 0.248854
0 0.605205 1.184021 0.178295 0.288147
0 0.599114 1.431565 0.221484 0.217420
0 0.582503 1.710544 0.157254 0.214800
0 0.343854 0.518009 0.180509 0.318271
0 0.346622 0.834316 0.201550 0.264571
0 0.342193 1.189260 0.214839 0.324820
0 0.325581 1.609692 0.166113 0.327439