0 0.873950 0.986009 0.134454 0.033873
0 0.876751 1.031664 0.140056 0.051546
0 0.868347 1.087629 0.134454 0.039764
0 0.885154 1.132548 0.156863 0.047128
0 0.882353 1.178940 0.145658 0.044183
0 0.887955 1.228277 0.140056 0.044183
0 0.873950 1.278719 0.145658 0.044919
0 0.879552 1.326951 0.145658 0.047128
0 0.862745 1.382916 0.145658 0.051546
0 0.429972 1.002946 0.142857 0.047128
0 0.429972 1.052283 0.120448 0.036819
0 0.441176 1.106038 0.154062 0.057437
0 0.432773 1.157585 0.148459 0.045655
0 0.431373 1.204345 0.156863 0.037555
0 0.436975 1.265096 0.140056 0.055965
0 0.428571 1.319588 0.145658 0.044183
0 0.442577 1.366348 0.173669 0.041973
0 0.450980 1.408689 0.140056 0.045655