0 0.505325 0.344919 0.049704 0.032440
0 0.507495 0.381165 0.055621 0.041377
0 0.513215 0.423370 0.042604 0.041708
0 0.519921 0.475836 0.049704 0.054618
0 0.520907 0.531447 0.078501 0.057266
0 0.532742 0.593181 0.065089 0.074810
0 0.523274 0.672790 0.076923 0.090367
0 0.530178 0.801887 0.082051 0.066534
0 0.449901 0.265475 0.046154 0.046342
0 0.442604 0.306521 0.043393 0.034426
0 0.443590 0.338630 0.048521 0.033764
0 0.437278 0.389441 0.066667 0.072493
0 0.450493 0.462761 0.063905 0.061569
0 0.447929 0.505958 0.046943 0.028798
0 0.450296 0.535253 0.038264 0.034426
0 0.454832 0.576961 0.052071 0.052963
0 0.457594 0.706720 0.061538 0.078120
0 0.453057 0.759682 0.038264 0.033102
0 0.460552 0.821086 0.048521 0.054618