0 0.754396 0.455653 0.161538 0.236842
0 0.751648 0.828460 0.202198 0.231969
0 0.552747 0.184211 0.138462 0.148148
0 0.552198 0.443957 0.163736 0.213450
0 0.562088 0.637914 0.130769 0.135478
0 0.538462 0.809454 0.169231 0.172515
0 0.370879 0.200292 0.159341 0.215400
0 0.374725 0.436160 0.156044 0.188109
0 0.376923 0.633041 0.149451 0.137427
0 0.350000 0.799708 0.141758 0.182261
0 0.164835 0.232456 0.156044 0.190058
0 0.135165 0.444444 0.175824 0.187135
0 0.139011 0.603801 0.148352 0.119883
0 0.144505 0.760234 0.113187 0.152047