0 0.702771 1.353041 0.060453 0.027027
0 0.704030 1.376689 0.068010 0.023649
0 0.693955 1.409628 0.073048 0.042230
0 0.682620 1.448480 0.085642 0.037162
0 0.675063 1.487331 0.105793 0.038851
0 0.670025 1.522804 0.090680 0.032095
0 0.667506 1.563767 0.085642 0.032939
0 0.657431 1.603041 0.090680 0.040541
0 0.658690 1.640625 0.098237 0.034628
0 0.654912 1.680743 0.090680 0.040541
0 0.541562 1.352196 0.115869 0.035473
0 0.534005 1.386402 0.120907 0.032939
0 0.534005 1.422297 0.090680 0.040541
0 0.523929 1.463682 0.080605 0.038851
0 0.518892 1.512669 0.115869 0.059122
0 0.513854 1.561655 0.110831 0.033784
0 0.507557 1.599240 0.098237 0.044764
0 0.513854 1.640203 0.080605 0.040541
0 0.503778 1.685811 0.090680 0.048986