0 1.240985 0.429737 0.169433 0.123300
0 1.248998 0.540345 0.157985 0.105168
0 0.596451 0.085222 0.212936 0.125113
0 0.599313 0.246600 0.191185 0.134180
0 0.581568 0.455122 0.183171 0.145059
0 0.574127 0.631006 0.191185 0.148685
0 0.578134 0.784678 0.169433 0.136899
0 0.380080 0.468722 0.196909 0.219402
0 0.264453 0.238441 0.162564 0.117860
0 0.244991 0.383500 0.144247 0.139619
0 0.241557 0.504986 0.130509 0.103354
0 0.236978 0.627380 0.162564 0.119674
0 0.219805 0.771532 0.144247 0.134180
0 1.686319 0.565730 0.107613 0.108794
0 1.732685 0.832729 0.133944 0.135086
0 1.745850 0.954669 0.210647 0.077969
0 1.760733 1.028105 0.151116 0.072529
0 1.738981 1.087942 0.139668 0.105168
0 1.759588 1.155485 0.119061 0.057117
0 1.725816 1.252040 0.136234 0.114234
0 1.704637 1.339982 0.144247 0.054397
0 1.679450 1.446056 0.144247 0.154125
0 1.674871 1.563917 0.178592 0.074343