0 1.330102 1.437414 0.182653 0.305365
0 1.100510 0.348006 0.139796 0.233838
0 1.105102 0.551582 0.128571 0.170564
0 1.108163 0.786795 0.169388 0.269601
0 1.124490 1.149243 0.167347 0.246217
0 1.096429 1.436039 0.180612 0.233838
0 0.893367 0.334250 0.101020 0.200825
0 0.892347 0.599037 0.176531 0.251719
0 0.890816 0.829436 0.165306 0.222834
0 0.894388 1.061898 0.135714 0.203576
0 0.886735 1.372765 0.126531 0.275103
0 0.633673 0.386520 0.165306 0.272352
0 0.623469 0.740028 0.124490 0.272352
0 0.632653 1.068776 0.122449 0.206327
0 0.644388 1.430536 0.186735 0.429161