0 0.780945 0.192999 0.114018 0.136159
0 0.768450 0.355170 0.114799 0.114322
0 0.761617 0.537893 0.153456 0.183687
0 0.750879 0.688504 0.095275 0.100193
0 0.748340 0.822094 0.158141 0.142582
0 0.595471 0.211625 0.138227 0.141940
0 0.597032 0.367052 0.105428 0.109827
0 0.593128 0.516057 0.115580 0.122672
0 0.588637 0.677906 0.101132 0.113680
0 0.581804 0.849550 0.114018 0.192357
0 0.435182 0.198298 0.103475 0.106936
0 0.427372 0.333333 0.134713 0.148362
0 0.419172 0.522319 0.140961 0.182723
0 0.413901 0.709216 0.139789 0.201349
0 0.404139 0.872190 0.102304 0.127810
0 0.260836 0.214836 0.143694 0.145151
0 0.261226 0.385517 0.150722 0.141618
0 0.245998 0.542871 0.144475 0.156390
0 0.248731 0.692999 0.104647 0.101477
0 0.243069 0.844573 0.117532 0.100193