0 0.329908 0.183438 0.094553 0.056604
0 0.325797 0.241614 0.106886 0.056604
0 0.318088 0.313417 0.126413 0.085954
0 0.306269 0.402778 0.131552 0.075996
0 0.294450 0.582809 0.114080 0.079665
0 0.275951 0.797432 0.128469 0.077044
0 0.188592 0.183700 0.149024 0.059224
0 0.192703 0.242400 0.136691 0.045597
0 0.185509 0.377621 0.114080 0.083333
0 0.152621 0.443134 0.140802 0.052935
0 0.158787 0.512579 0.153135 0.082809
0 0.153135 0.585954 0.108941 0.055556
0 0.149538 0.645702 0.146968 0.068134
0 0.144913 0.712264 0.121274 0.062893
0 0.141316 0.782495 0.138746 0.074423