0 0.792406 0.120873 0.171043 0.118027
0 0.767921 0.230930 0.204400 0.119545
0 0.772179 0.333397 0.163236 0.072486
0 0.764727 0.459203 0.138396 0.056167
0 0.782825 0.538520 0.157559 0.101708
0 0.795600 0.640417 0.210078 0.092979
0 0.814762 0.758065 0.204400 0.119545
0 0.505323 0.214042 0.215756 0.091082
0 0.478708 0.298861 0.168204 0.092979
0 0.512065 0.381784 0.190916 0.078178
0 0.211143 0.115939 0.168204 0.096015
0 0.213982 0.467552 0.223563 0.104744
0 0.194464 0.557495 0.207239 0.081214
0 0.204400 0.651992 0.242725 0.110816
0 0.211143 0.768501 0.185238 0.132068