0 0.886032 0.561277 0.095165 0.162628
0 0.800269 0.751398 0.098619 0.139329
0 0.625480 0.795433 0.107444 0.141659
0 0.511512 0.330382 0.102840 0.153774
0 0.521297 0.656104 0.110130 0.169618
0 0.421335 0.327586 0.086723 0.148183
0 0.424981 0.474837 0.103223 0.146319
0 0.422870 0.641659 0.107444 0.169618
0 0.421911 0.802423 0.108596 0.130475
0 0.347084 0.156803 0.097084 0.143057
0 0.340560 0.316869 0.110130 0.155638
0 0.329240 0.476235 0.108979 0.151911
0 0.331159 0.639329 0.105909 0.164026
0 0.325019 0.799860 0.108979 0.168220
0 0.254029 0.184995 0.102840 0.173346
0 0.249041 0.332479 0.101305 0.112302
0 0.223523 0.786347 0.117805 0.155172
0 0.131427 0.785415 0.095549 0.146785