0 0.755374 0.149323 0.158041 0.151305
0 0.760748 0.280476 0.104299 0.097126
0 0.775876 0.450942 0.138535 0.230591
0 0.787818 0.658242 0.128185 0.154939
0 0.794188 0.838949 0.162420 0.210439
0 0.579817 0.145689 0.115048 0.111662
0 0.566680 0.299306 0.106290 0.113644
0 0.559315 0.478361 0.156051 0.154609
0 0.581807 0.652957 0.145303 0.183350
0 0.574443 0.818302 0.147293 0.114965
0 0.378185 0.175421 0.153662 0.188966
0 0.404260 0.385530 0.154061 0.173769
0 0.392317 0.520317 0.086385 0.099769
0 0.421576 0.686323 0.192675 0.209779
0 0.434713 0.891146 0.128185 0.178064
0 0.203623 0.169144 0.103901 0.136769
0 0.213376 0.319293 0.149682 0.138421
0 0.212381 0.458705 0.108678 0.100760
0 0.215565 0.681698 0.175557 0.244797
0 0.191680 0.878593 0.175557 0.148992