0 1.630241 0.234647 0.302414 0.212649
0 1.595934 0.455545 0.233799 0.192484
0 1.637865 0.658112 0.287166 0.230981
0 1.605464 0.909258 0.184244 0.263978
0 1.620076 1.108158 0.266836 0.152154
0 1.604828 1.309808 0.188056 0.181485
0 1.631512 1.545830 0.188056 0.228231
0 1.635324 1.736480 0.177891 0.173236
0 1.301144 0.296059 0.325286 0.346471
0 1.318933 0.590284 0.271919 0.166819
0 1.322109 0.809808 0.280813 0.226398
0 1.293520 1.032081 0.223634 0.210816
0 1.274460 1.207149 0.190597 0.137489
0 1.298602 1.351971 0.226175 0.159487
0 1.324651 1.483501 0.184244 0.132906
0 1.366582 1.618240 0.222363 0.160403
0 1.381194 1.802933 0.231258 0.155820
0 0.940280 0.150321 0.213469 0.098992
0 0.925032 0.304308 0.175349 0.201650
0 0.928844 0.484876 0.236341 0.142988
0 0.918679 0.670944 0.251588 0.183318
0 0.982211 0.874427 0.249047 0.194317
0 0.998729 1.271769 0.233799 0.160403
0 1.067344 1.484418 0.167726 0.160403
0 1.073698 1.728231 0.231258 0.215399
0 0.590851 0.205316 0.226175 0.223648
0 0.611182 0.418423 0.271919 0.173236
0 0.609911 0.640697 0.249047 0.196150
0 0.790343 1.713566 0.228717 0.175069
0 0.241423 0.182401 0.190597 0.153987
0 0.250953 0.399175 0.242694 0.215399
0 0.261118 0.617324 0.202033 0.186068
0 0.278272 0.847846 0.228717 0.208983
0 0.308767 1.059578 0.167726 0.150321
0 0.389454 1.339138 0.280813 0.284143
0 0.477128 1.565995 0.240152 0.175069
0 0.554003 1.735105 0.249047 0.196150