0 1.154255 0.236124 0.393617 0.144873
0 1.184397 0.380056 0.425532 0.133584
0 1.120567 0.546096 0.411348 0.149577
0 1.028369 0.703669 0.411348 0.142992
0 1.021277 0.888993 0.453901 0.156162
0 0.978723 1.034807 0.418440 0.101599
0 1.003546 1.171214 0.468085 0.129821
0 1.007092 1.327846 0.510638 0.149577
0 1.088652 1.481185 0.489362 0.138288
0 1.074468 1.630762 0.453901 0.126999
0 0.691489 0.279398 0.425532 0.169332
0 0.675532 0.461900 0.478723 0.197554
0 0.666667 0.666510 0.375887 0.181562
0 0.625887 0.872531 0.351064 0.213547
0 0.558511 1.065851 0.436170 0.144873
0 0.581560 1.240828 0.446809 0.169332
0 0.546099 1.392286 0.460993 0.144873
0 0.627660 1.544685 0.453901 0.154280
0 0.609929 1.690499 0.411348 0.142992