0 0.647575 0.268151 0.084065 0.092919
0 0.645266 0.344338 0.072055 0.063639
0 0.640416 0.402599 0.088222 0.052883
0 0.639492 0.493875 0.090993 0.127876
0 0.633256 0.617568 0.127483 0.118912
0 0.630947 0.746340 0.133949 0.142814
0 0.512009 0.247535 0.129792 0.079773
0 0.503926 0.331790 0.109931 0.083358
0 0.500693 0.413505 0.094226 0.056767
0 0.498614 0.468927 0.096536 0.054078
0 0.498614 0.534210 0.103926 0.074694
0 0.488684 0.603824 0.094226 0.044816
0 0.491917 0.640574 0.099769 0.028682
0 0.487991 0.682850 0.098383 0.049895
0 0.490069 0.761578 0.087760 0.071108
0 0.344342 0.260980 0.127945 0.077980
0 0.345727 0.339707 0.127945 0.075291
0 0.358430 0.459964 0.092379 0.135943
0 0.334873 0.762623 0.070208 0.071407
0 0.208314 0.256648 0.099769 0.090828
0 0.220092 0.340305 0.098383 0.080669
0 0.175982 0.593666 0.145958 0.119510
0 0.183141 0.683896 0.078984 0.053182
0 0.185912 0.754258 0.204619 0.086944