0 0.451059 0.100674 0.135135 0.098802
0 0.456538 0.196295 0.122717 0.075225
0 0.454346 0.275075 0.096421 0.056138
0 0.449598 0.352919 0.135135 0.095808
0 0.429145 0.455838 0.142440 0.098802
0 0.416362 0.544910 0.102264 0.052395
0 0.417093 0.633234 0.159240 0.105539
0 0.401023 0.742702 0.124178 0.093189
0 0.392988 0.833458 0.137327 0.088323
0 0.181885 0.596557 0.137327 0.095060
0 0.187363 0.722867 0.126370 0.104416
0 0.172389 0.841692 0.170928 0.095060
0 0.867056 0.602358 0.150475 0.104416
0 0.844047 0.743451 0.142440 0.103668
0 0.844412 0.852358 0.194302 0.133608
0 0.639518 0.094124 0.148283 0.111901
0 0.631118 0.207148 0.165084 0.100674
0 0.634770 0.302395 0.124178 0.088323
0 0.611030 0.397268 0.127831 0.089446
0 0.605551 0.500374 0.138787 0.101796
0 0.593499 0.616579 0.155588 0.100674
0 0.598977 0.732036 0.159240 0.109281
0 0.573776 0.816804 0.154127 0.072231
0 0.563550 0.894274 0.129291 0.090195