0 0.766877 0.145124 0.095777 0.099800
0 0.752245 0.286960 0.136349 0.147269
0 0.761723 0.434801 0.112072 0.102088
0 0.761058 0.586503 0.113402 0.124106
0 0.779348 0.768087 0.171267 0.195024
0 0.613070 0.168287 0.117393 0.150701
0 0.581643 0.387618 0.140339 0.178725
0 0.573994 0.578925 0.098437 0.106663
0 0.598437 0.765799 0.114732 0.116100
0 0.439308 0.164141 0.136349 0.128682
0 0.417027 0.359451 0.132358 0.129826
0 0.396076 0.544181 0.139009 0.169288
0 0.406884 0.748785 0.165946 0.193595
0 0.243432 0.190878 0.139009 0.151844
0 0.228134 0.420503 0.140339 0.189019
0 0.235284 0.607950 0.128035 0.118387
0 0.230629 0.767515 0.116063 0.117243