0 1.441519 0.226321 0.178812 0.279532
0 1.491733 0.502306 0.151868 0.258248
0 1.535824 0.780419 0.176363 0.255410
0 1.560931 1.051437 0.197183 0.246896
0 1.597061 1.333806 0.151868 0.312167
0 1.254133 0.222065 0.137171 0.271018
0 1.305573 0.510819 0.151868 0.265342
0 1.329455 0.787513 0.194734 0.276694
0 1.371709 1.064207 0.132272 0.258248
0 1.402327 1.345158 0.159216 0.286626
0 1.067361 0.230578 0.155542 0.273856
0 1.085119 0.502306 0.156767 0.266761
0 1.114513 0.778290 0.220453 0.288045
0 1.188610 1.058886 0.160441 0.258957
0 1.224740 1.348705 0.159216 0.293721
0 0.881813 0.229159 0.161666 0.265342
0 0.901408 0.514722 0.151868 0.280241
0 0.925903 0.775452 0.205756 0.271018
0 0.982241 1.072011 0.161666 0.265342
0 0.994489 1.350834 0.166565 0.276694
0 0.671770 0.222774 0.162890 0.263923
0 0.721372 0.513657 0.173913 0.282370
0 0.755664 0.772260 0.139620 0.231997
0 0.775260 1.078397 0.169014 0.286626
0 0.831598 1.366442 0.169014 0.286626
0 0.484385 0.242639 0.170239 0.258248
0 0.522964 0.508691 0.176363 0.259667
0 0.559706 0.791415 0.200857 0.283079
0 0.581751 1.070592 0.183711 0.271018
0 0.591549 1.352253 0.232701 0.269599
0 0.298836 0.222774 0.220453 0.282370
0 0.332517 0.507272 0.131047 0.262504
0 0.364972 0.793189 0.161666 0.269599
0 0.393141 1.073430 0.186160 0.292302
0 0.419473 1.346577 0.153092 0.259667