0 1.518868 0.878630 0.168014 0.208488
0 1.524708 1.081162 0.167116 0.223380
0 1.516173 1.282949 0.187781 0.215934
0 1.505840 1.458302 0.159928 0.179449
0 1.486074 1.595681 0.145553 0.134028
0 1.224618 0.858526 0.168913 0.195086
0 1.242588 1.157856 0.201258 0.281459
0 1.212040 1.551750 0.287511 0.187640
0 1.255166 1.381236 0.190476 0.201042
0 0.922282 0.862993 0.234501 0.226359
0 0.929021 1.099777 0.221024 0.226359
0 0.924528 1.333582 0.208446 0.236783
0 0.907008 1.549516 0.176999 0.226359
0 0.610512 1.388682 0.198562 0.163812
0 0.628032 1.562919 0.190476 0.221891
0 0.321653 0.839166 0.228212 0.195086
0 0.316262 1.173492 0.221024 0.262100
0 0.342318 1.408042 0.190476 0.180194
0 0.317161 1.581162 0.238994 0.195830