0 0.528656 0.050814 0.290514 0.033876
0 0.539526 0.091531 0.284585 0.050814
0 0.537549 0.134528 0.308300 0.038436
0 0.553360 0.163681 0.296443 0.025733
0 0.538538 0.187459 0.278656 0.023779
0 0.547431 0.211726 0.296443 0.027362
0 0.548419 0.245114 0.270751 0.044625
0 0.564229 0.278176 0.270751 0.026059
0 0.539526 0.304235 0.324111 0.028664
0 0.559289 0.333225 0.407115 0.033876
0 0.540514 0.365472 0.290514 0.033876
0 0.546443 0.392345 0.294466 0.020521
0 0.542490 0.426221 0.294466 0.053094
0 0.553360 0.470684 0.312253 0.036482
0 0.563241 0.500977 0.300395 0.027362
0 0.561265 0.523779 0.276680 0.021498
0 0.558300 0.539739 0.215415 0.013681
0 0.553360 0.553094 0.272727 0.016287
0 0.555336 0.570358 0.276680 0.020847
0 0.565217 0.603257 0.343874 0.047557
0 0.560277 0.636645 0.290514 0.024430
0 0.569170 0.655863 0.308300 0.021173
0 0.539526 0.688925 0.308300 0.048208
0 0.564229 0.719544 0.282609 0.013681
0 0.564229 0.737785 0.278656 0.029316
0 0.575099 0.754723 0.292490 0.007818
0 0.574111 0.764821 0.195652 0.014984
0 0.575099 0.782899 0.292490 0.022476
0 0.573123 0.812052 0.316206 0.039088
0 0.568182 0.843811 0.286561 0.028990
0 0.582016 0.872150 0.266798 0.032899
0 0.585968 0.911075 0.302372 0.048208