0 1.601950 1.198748 0.074736 0.125196
0 1.530057 1.215962 0.070674 0.150235
0 1.449228 1.236307 0.094232 0.175274
0 1.357433 1.242567 0.076361 0.194053
0 1.279448 1.233177 0.073111 0.225352
0 1.199838 1.223005 0.060114 0.186228
0 1.111698 1.209703 0.096669 0.190923
0 1.028432 1.227700 0.074736 0.170579
0 0.961007 1.231612 0.064988 0.150235
0 0.884240 1.233959 0.080422 0.154930
0 0.815597 1.239437 0.068237 0.165884
0 0.748172 1.226135 0.058489 0.170579
0 0.677498 1.210485 0.090983 0.217527
0 0.499188 1.175274 0.088546 0.178404
0 0.406174 1.179969 0.110479 0.181534
0 0.297319 1.179969 0.107230 0.194053