0 0.949451 0.359930 0.149451 0.230635
0 0.941209 0.593477 0.203297 0.269074
0 0.969231 1.092603 0.189011 0.316832
0 0.964835 1.383809 0.180220 0.225976
0 0.936264 1.592312 0.180220 0.225976
0 0.668681 0.427490 0.172527 0.272568
0 0.704396 0.672685 0.175824 0.196855
0 0.720879 0.881771 0.180220 0.225976
0 0.713187 1.104252 0.180220 0.225976
0 0.713187 1.333722 0.180220 0.225976
0 0.720879 1.564356 0.180220 0.225976
0 0.428571 0.385556 0.180220 0.225976
0 0.460440 0.582411 0.142857 0.172394
0 0.421978 0.809552 0.180220 0.225976
0 0.456044 1.054164 0.180220 0.225976
0 0.457692 1.298195 0.203297 0.269074
0 0.462637 1.564356 0.180220 0.225976