0 0.432000 0.180453 0.280000 0.111523
0 0.812000 0.120165 0.237333 0.074074
0 0.806000 0.175309 0.214667 0.041152
0 0.806667 0.222428 0.208000 0.059671
0 0.801333 0.277160 0.205333 0.052263
0 0.807333 0.330041 0.217333 0.064198
0 0.784000 0.408436 0.221333 0.092593
0 0.791333 0.495885 0.185333 0.060082
0 0.784000 0.546914 0.189333 0.032099
0 0.783333 0.596708 0.169333 0.069136
0 0.788000 0.658436 0.178667 0.051852
0 0.785333 0.712140 0.205333 0.055556
0 0.785333 0.760288 0.146667 0.048971
0 0.798667 0.812346 0.178667 0.037037
0 0.791333 0.861523 0.185333 0.067078