0 0.792105 0.165265 0.784211 0.093601
0 0.789474 0.257770 0.642105 0.079707
0 0.726316 0.366362 0.694737 0.093601
0 0.815789 0.466179 0.757895 0.081170
0 0.857895 0.571481 0.873684 0.085558
0 0.794737 0.706764 0.936842 0.100183
0 0.863158 0.834004 0.694737 0.114808
0 0.739474 1.004388 0.678947 0.133821
0 0.763158 1.141133 0.705263 0.041682
0 0.792105 1.238026 0.721053 0.077514
0 0.831579 1.344059 0.652632 0.061426
0 0.800000 1.444607 0.673684 0.085558
0 0.800000 1.545155 0.726316 0.077514
0 0.710526 1.672395 0.663158 0.106764
0 0.721053 1.802559 0.726316 0.100914
0 0.715789 1.888848 0.715789 0.045338