0 1.590506 0.139669 0.098032 0.070554
0 1.590892 0.217063 0.091085 0.094312
0 1.586646 0.309935 0.099575 0.092873
0 1.591663 0.402448 0.106523 0.097912
0 1.589734 0.506839 0.098032 0.115191
0 1.589348 0.609071 0.097260 0.087833
0 1.590120 0.677466 0.084909 0.048956
0 1.590892 0.732181 0.094172 0.064795
0 1.598611 0.833693 0.094172 0.109431
0 1.602856 0.920806 0.105751 0.070554
0 1.608645 0.992081 0.095716 0.084953
0 1.591277 1.075594 0.098032 0.089273
0 1.594751 1.154068 0.101891 0.063355
0 1.600154 1.234701 0.109610 0.102232
0 1.593207 1.309575 0.095716 0.047516
0 1.593593 1.404608 0.099575 0.128150
0 1.585488 1.506839 0.092628 0.073434
0 1.589348 1.586033 0.080278 0.082073
0 1.588576 1.671706 0.092628 0.086393
0 1.593207 1.756659 0.104979 0.083513
0 1.593207 1.867171 0.092628 0.094312
0 0.787341 1.475162 0.290235 0.188625
0 0.774604 1.716703 0.218448 0.280058