0 0.829058 0.151297 0.149049 0.173631
0 0.826404 0.311059 0.115436 0.131484
0 0.836798 0.469020 0.172490 0.185879
0 0.831712 0.652558 0.108359 0.128602
0 0.829058 0.838076 0.156126 0.162464
0 0.671827 0.159942 0.161875 0.159222
0 0.679124 0.317543 0.094206 0.118516
0 0.677355 0.467219 0.118974 0.152017
0 0.681778 0.652378 0.124281 0.192363
0 0.671163 0.836996 0.131358 0.112752
0 0.529633 0.151837 0.097744 0.128602
0 0.534940 0.318804 0.104821 0.191643
0 0.529633 0.491174 0.101283 0.121398
0 0.541132 0.648775 0.117205 0.144813
0 0.524326 0.852846 0.108359 0.127161
0 0.374392 0.151117 0.134896 0.144452
0 0.391199 0.320245 0.147280 0.182997
0 0.391199 0.500540 0.118974 0.168948
0 0.391199 0.681376 0.154356 0.195605
0 0.383016 0.857889 0.145069 0.148775
0 0.230650 0.144633 0.106590 0.117075
0 0.242149 0.332133 0.126050 0.176513
0 0.229544 0.523775 0.144184 0.154899
0 0.229544 0.708213 0.165414 0.176513
0 0.225122 0.869416 0.088456 0.108429