0 0.537431 0.188362 0.140550 0.100780
0 0.550642 0.328734 0.130275 0.154169
0 0.556697 0.443761 0.103486 0.093881
0 0.553394 0.571686 0.104954 0.106779
0 0.563303 0.702310 0.136514 0.131074
0 0.393211 0.204859 0.155963 0.140372
0 0.415780 0.316737 0.150459 0.125375
0 0.427156 0.448260 0.130642 0.144871
0 0.440367 0.580234 0.133578 0.097481
0 0.435413 0.704409 0.116330 0.113677
0 0.241468 0.211008 0.147523 0.155669
0 0.263853 0.389172 0.147523 0.144871
0 0.272110 0.555039 0.155963 0.135873
0 0.280550 0.692561 0.143486 0.134373