0 0.685016 0.091494 0.164821 0.143680
0 0.728013 0.309217 0.206515 0.150119
0 0.716938 0.487631 0.158306 0.173501
0 0.737785 0.655202 0.200000 0.099288
0 0.736156 0.835818 0.247557 0.130464
0 0.461564 0.115385 0.168730 0.144697
0 0.474267 0.308539 0.218893 0.188072
0 0.494788 0.496781 0.177850 0.148424
0 0.500977 0.672484 0.183713 0.133853
0 0.516938 0.843273 0.171336 0.135208
0 0.245603 0.118773 0.168078 0.128431
0 0.242997 0.381227 0.174593 0.185022
0 0.272638 0.670959 0.228664 0.143680
0 0.287296 0.862928 0.174593 0.135208