0 0.827792 0.657255 0.142350 0.093374
0 0.836346 0.750349 0.134280 0.064300
0 0.690768 0.695974 0.107811 0.110987
0 0.702711 0.792424 0.104584 0.072407
0 0.584087 0.677244 0.110071 0.091417
0 0.594416 0.785994 0.105552 0.085267
0 0.346352 0.668717 0.104584 0.074923
0 0.342640 0.768381 0.093932 0.111546
0 0.244028 0.642438 0.076178 0.030193
0 0.244028 0.700168 0.096837 0.077439
0 0.243221 0.776209 0.059070 0.085267
0 0.143318 0.671512 0.095546 0.082751
0 0.136217 0.740425 0.127179 0.050042
0 0.134603 0.797176 0.086507 0.066816