0 0.452279 0.333502 0.076676 0.052915
0 0.445040 0.404786 0.107239 0.082912
0 0.435657 0.495113 0.086327 0.091001
0 0.434316 0.661274 0.094370 0.094371
0 0.415818 0.746208 0.084182 0.082912
0 0.340751 0.341422 0.115282 0.092349
0 0.325737 0.571453 0.101340 0.081901
0 0.323861 0.654196 0.121180 0.083586
0 0.321984 0.736434 0.099196 0.084934
0 0.233780 0.329794 0.094370 0.071790
0 0.230295 0.411190 0.101340 0.083586
0 0.212869 0.489552 0.117962 0.071790
0 0.216622 0.567240 0.121180 0.076171
0 0.205094 0.651500 0.128150 0.076171
0 0.201877 0.734749 0.130295 0.094371