0 0.736102 0.145171 0.172272 0.128664
0 0.704873 0.672015 0.115305 0.084542
0 0.675704 0.784172 0.124228 0.080531
0 0.685312 0.893089 0.136582 0.094107
0 0.520590 0.136686 0.154427 0.112311
0 0.540494 0.248689 0.155800 0.084542
0 0.544612 0.350818 0.159918 0.100586
0 0.514413 0.562944 0.155800 0.135452
0 0.496568 0.691299 0.113246 0.074977
0 0.505148 0.795588 0.134523 0.094107
0 0.479753 0.908362 0.133150 0.112311
0 0.313315 0.129898 0.129719 0.079605
0 0.299588 0.238969 0.117364 0.104597
0 0.298216 0.347115 0.131091 0.090096
0 0.292382 0.454335 0.127660 0.078062
0 0.307138 0.605214 0.159918 0.091021
0 0.285861 0.734958 0.202471 0.133909
0 0.284832 0.894631 0.193548 0.132367