0 1.657609 0.205348 0.258152 0.171123
0 1.641304 0.370053 0.211957 0.129768
0 1.646739 0.549376 0.222826 0.173262
0 1.650815 0.727986 0.263587 0.161141
0 1.638587 0.893405 0.244565 0.144029
0 1.637228 1.061319 0.165761 0.114795
0 1.666440 1.431729 0.251359 0.176827
0 1.675272 1.603565 0.241848 0.155437
0 1.677989 1.773619 0.241848 0.157576
0 1.399457 0.214617 0.225543 0.161141
0 1.408967 0.559358 0.198370 0.173262
0 1.384511 0.744742 0.241848 0.166132
0 1.373641 0.914082 0.214674 0.155437
0 1.399457 1.069162 0.230978 0.157576
0 1.395380 1.281283 0.274457 0.221034
0 1.403533 1.458824 0.214674 0.145455
0 1.423913 1.614973 0.222826 0.138324
0 1.411005 1.780749 0.235054 0.157576
0 1.175272 0.196791 0.241848 0.136898
0 1.161685 0.377897 0.225543 0.176827
0 1.168478 0.561854 0.239130 0.168271
0 1.130435 0.744029 0.282609 0.181818
0 1.134511 0.925847 0.277174 0.183244
0 1.139946 1.088057 0.222826 0.129768
0 1.142663 1.263458 0.209239 0.151159
0 1.150136 1.438146 0.169837 0.144029
0 1.160326 1.607843 0.304348 0.155437
0 1.164402 1.778610 0.198370 0.157576
0 0.930027 0.202496 0.202446 0.154011
0 0.927989 0.394652 0.176630 0.190374
0 0.921196 0.571480 0.228261 0.173262
0 0.898098 0.751872 0.209239 0.166132
0 0.907609 0.925490 0.214674 0.161141
0 0.915761 1.110160 0.222826 0.169697
0 0.902174 1.278075 0.250000 0.188948
0 0.914402 1.444563 0.195652 0.146881
0 0.911685 1.612121 0.182065 0.125490
0 0.944973 1.788948 0.205163 0.146881
0 0.684783 0.210339 0.244565 0.136898
0 0.684783 0.396435 0.277174 0.185383
0 0.654891 0.589661 0.271739 0.209626
0 0.646739 0.774332 0.230978 0.154011
0 0.665761 0.925847 0.271739 0.131907
0 0.653533 1.095900 0.255435 0.179679
0 0.675272 1.268449 0.230978 0.162567
0 0.665761 1.454189 0.279891 0.183244
0 0.677989 1.632799 0.263587 0.171123
0 0.693614 1.788235 0.251359 0.118360
0 0.387908 0.242068 0.330163 0.207487
0 0.434783 0.416399 0.190217 0.134046
0 0.421875 0.570053 0.218750 0.149020
0 0.404891 0.757932 0.241848 0.163993
0 0.400815 0.930481 0.192935 0.161141
0 0.407609 1.095900 0.214674 0.152585
0 0.402174 1.288770 0.255435 0.208913
0 0.421875 1.474510 0.235054 0.145455
0 0.419837 1.653119 0.247283 0.173262
0 0.443614 1.806417 0.218750 0.116221