0 1.278443 0.107450 0.233533 0.140401
0 1.277695 0.257521 0.205090 0.154011
0 1.267964 0.422636 0.242515 0.171920
0 1.266467 0.575215 0.227545 0.116046
0 1.248503 0.741046 0.215569 0.169771
0 1.252994 0.876074 0.182635 0.095989
0 1.221557 0.989971 0.233533 0.123209
0 1.239521 1.136103 0.185629 0.151862
0 1.242515 1.275788 0.275449 0.127507
0 1.248503 1.415473 0.275449 0.131805
0 1.228293 1.562321 0.330838 0.156160
0 0.854790 0.078797 0.224551 0.108883
0 0.812874 0.213467 0.284431 0.167622
0 0.797904 0.362106 0.215569 0.093840
0 0.777695 0.495344 0.276946 0.138252
0 0.768713 0.654370 0.279940 0.133954
0 0.790419 0.798711 0.302395 0.156160
0 0.736527 0.944126 0.203593 0.120344
0 0.704341 1.111032 0.205090 0.128940
0 0.723054 1.238181 0.197605 0.116762