0 1.866071 0.250994 0.196429 0.150243
0 1.876276 0.430402 0.196429 0.150243
0 1.866071 0.588599 0.196429 0.150243
0 1.876276 0.739726 0.196429 0.150243
0 1.866071 0.875829 0.196429 0.150243
0 1.860969 1.399912 0.196429 0.150243
0 1.860969 1.533363 0.196429 0.150243
0 1.849490 1.676536 0.196429 0.150243
0 1.844388 1.841803 0.196429 0.157313
0 1.683673 0.136103 0.196429 0.150243
0 1.673469 0.301370 0.196429 0.150243
0 1.678571 0.458683 0.196429 0.150243
0 1.678571 0.602740 0.196429 0.150243
0 1.678571 0.746796 0.196429 0.150243
0 1.678571 0.889969 0.196429 0.150243
0 1.678571 1.034026 0.196429 0.150243
0 1.487245 0.287229 0.196429 0.150243
0 1.492347 0.444543 0.196429 0.150243
0 1.470663 0.581529 0.196429 0.150243
0 1.492347 0.722050 0.196429 0.150243
0 1.492347 0.868758 0.196429 0.150243
0 1.475765 1.001326 0.196429 0.150243
0 1.473852 1.122404 0.213010 0.095449
0 1.470663 1.238179 0.196429 0.150243
0 1.460459 1.378701 0.196429 0.150243
0 1.455357 1.526293 0.196429 0.150243
0 1.440051 1.683606 0.196429 0.150243
0 1.440051 1.830314 0.196429 0.150243
0 1.309949 0.132567 0.196429 0.150243
0 1.316327 0.288997 0.196429 0.167919
0 1.304847 0.454264 0.196429 0.169686
0 1.304847 0.602740 0.196429 0.150243
0 1.299745 0.739726 0.196429 0.150243
0 1.299745 0.886434 0.196429 0.150243
0 1.289541 1.026072 0.196429 0.150243
0 1.088010 0.287229 0.196429 0.150243
0 1.088010 0.437472 0.196429 0.150243
0 1.093112 0.566505 0.196429 0.150243
0 1.088010 0.717631 0.196429 0.150243
0 1.067602 0.872293 0.196429 0.150243
0 1.072704 1.008396 0.196429 0.150243
0 1.082908 1.111798 0.186224 0.097216
0 1.077806 1.227574 0.196429 0.150243
0 1.067602 1.374282 0.196429 0.150243
0 1.072704 1.522757 0.196429 0.150243
0 1.062500 1.673000 0.196429 0.150243
0 1.057398 1.826779 0.196429 0.150243
0 0.922194 0.125497 0.196429 0.150243
0 0.901786 0.276624 0.196429 0.171454
0 0.891582 0.437472 0.196429 0.150243
0 0.891582 0.577994 0.196429 0.150243
0 0.901786 0.746796 0.196429 0.150243
0 0.891582 0.889969 0.176020 0.150243
0 0.891582 1.034026 0.196429 0.150243
0 0.705357 0.276624 0.196429 0.150243
0 0.710459 0.423332 0.196429 0.150243
0 0.713010 0.557667 0.160714 0.111357
0 0.715561 0.696421 0.196429 0.150243
0 0.708546 0.858153 0.223214 0.164384
0 0.705357 0.994255 0.165816 0.121962
0 0.700255 1.109147 0.176020 0.136103
0 0.707908 1.224039 0.170918 0.100751
0 0.695153 1.340698 0.186224 0.132567
0 0.697704 1.471498 0.191327 0.143173
0 0.705357 1.644719 0.196429 0.150243
0 0.696429 1.795404 0.201531 0.158197
0 0.517857 0.106938 0.196429 0.150243
0 0.534439 0.262483 0.196429 0.150243
0 0.507653 0.416262 0.196429 0.150243
0 0.522959 0.562970 0.196429 0.150243
0 0.522959 0.710561 0.196429 0.150243
0 0.522959 0.861688 0.196429 0.150243
0 0.517857 1.004861 0.196429 0.150243
0 0.315051 0.258065 0.196429 0.150243
0 0.304847 0.405656 0.196429 0.150243
0 0.336735 0.570040 0.196429 0.150243
0 0.336735 0.699956 0.196429 0.129032
0 0.284439 0.822802 0.186224 0.114892
0 0.302296 0.953160 0.221939 0.133451
0 0.320153 1.068493 0.196429 0.104286
0 0.323980 1.181175 0.234694 0.129916
0 0.323980 1.305347 0.181122 0.118427
0 0.330357 1.437030 0.216837 0.153778
0 0.331633 1.610252 0.196429 0.132567
0 0.315051 1.764914 0.196429 0.139638
0 0.332908 1.919134 0.176020 0.140521
0 0.110969 0.134777 0.221939 0.182943
0 0.108418 0.303137 0.206633 0.153778
0 0.098214 0.448078 0.176020 0.150243
0 0.108418 0.590367 0.176020 0.146708
0 0.093112 0.741494 0.186224 0.160848
0 0.093112 0.897481 0.165816 0.158197