0 0.683312 0.059509 0.241466 0.056293
0 0.679520 0.109168 0.218710 0.047849
0 0.632111 0.176920 0.252845 0.073181
0 0.637800 0.233615 0.241466 0.063530
0 0.677623 0.279654 0.268015 0.045436
0 0.630215 0.333534 0.256637 0.064737
0 0.637800 0.397467 0.241466 0.067149
0 0.630215 0.462807 0.256637 0.053880
0 0.645386 0.522115 0.256637 0.057499
0 0.652971 0.596502 0.241466 0.091275
0 0.647282 0.675111 0.275601 0.065943
0 0.658660 0.725171 0.199747 0.050261
0 0.639697 0.771813 0.298357 0.052674
0 0.673831 0.820869 0.222503 0.047849
0 0.660556 0.871532 0.264223 0.052674
0 0.685209 0.911942 0.260430 0.038601