0 0.630501 0.550757 0.192716 0.107747
0 0.644917 0.649154 0.182094 0.087266
0 0.658574 0.741763 0.203338 0.105076
0 0.690440 0.851291 0.166920 0.103295
0 0.701062 0.937667 0.182094 0.087266
0 0.708649 1.016474 0.191199 0.070347
0 0.707891 1.091273 0.192716 0.073909
0 0.720789 1.162066 0.200303 0.076581
0 0.723065 1.252004 0.195751 0.103295
0 0.717754 1.365984 0.209408 0.124666
0 0.709408 1.456812 0.198786 0.064114
0 0.710167 1.514248 0.212443 0.070347
0 0.697269 1.574354 0.195751 0.064114
0 0.673748 1.747106 0.212443 0.056990
0 0.650986 1.820125 0.203338 0.080142
0 1.594841 0.989314 0.333839 0.153161