0 1.130565 0.367116 0.166083 0.348689
0 1.132566 0.669029 0.148074 0.277817
0 1.126063 0.984408 0.157079 0.267895
0 1.130565 1.286322 0.204102 0.304748
0 1.120560 1.585400 0.172086 0.318923
0 0.930465 0.242381 0.144072 0.172927
0 0.933467 0.499646 0.178089 0.304748
0 0.911456 1.332388 0.166083 0.294826
0 0.899450 1.622254 0.202101 0.307583
0 0.354177 0.633593 0.110055 0.354359
0 0.335168 0.968108 0.106053 0.280652
0 0.320660 1.204819 0.099050 0.232459
0 0.326163 1.433026 0.096048 0.252303
0 0.266133 0.578313 0.094047 0.357193
0 0.246623 0.921332 0.101051 0.300496
0 0.246123 1.272856 0.088044 0.297661
0 0.245123 1.537916 0.086043 0.246634
0 1.771886 0.558469 0.086043 0.289157
0 1.767884 0.853296 0.082041 0.215450
0 1.772386 1.153792 0.103052 0.357193
0 1.759880 1.519490 0.086043 0.283487
0 1.682841 0.681786 0.118059 0.371368
0 1.689845 1.012048 0.106053 0.204111
0 1.692846 1.224663 0.078039 0.243799
0 1.686843 1.529412 0.080040 0.291991