0 0.895272 0.202198 0.081797 0.114286
0 0.877541 0.322344 0.094563 0.145055
0 0.884870 0.493040 0.097872 0.164103
0 0.893144 0.651282 0.125768 0.177289
0 0.893853 0.805128 0.145154 0.147985
0 0.755319 0.195604 0.117730 0.147985
0 0.757447 0.301465 0.115366 0.059341
0 0.760993 0.401099 0.113002 0.119414
0 0.761702 0.547253 0.104965 0.155311
0 0.751773 0.710623 0.105910 0.145055
0 0.743026 0.851282 0.086525 0.105495
0 0.619622 0.183883 0.113948 0.106960
0 0.616076 0.324176 0.116312 0.141392
0 0.622931 0.490476 0.096927 0.173626
0 0.626714 0.623810 0.102600 0.117949
0 0.613712 0.740659 0.083215 0.090842
0 0.633333 0.822711 0.113002 0.080586
0 0.495035 0.175824 0.100236 0.137729
0 0.480378 0.305128 0.093617 0.103297
0 0.503783 0.565934 0.129078 0.148718
0 0.488652 0.712821 0.112057 0.142125
0 0.489835 0.867399 0.105910 0.130403
0 0.370686 0.178022 0.095508 0.123077
0 0.365721 0.308791 0.113002 0.142857
0 0.351064 0.452747 0.107329 0.130403
0 0.350355 0.575092 0.110638 0.121612
0 0.343499 0.701099 0.113002 0.112821
0 0.347754 0.825275 0.097872 0.142857
0 0.242790 0.185714 0.113948 0.117949
0 0.239243 0.309158 0.109693 0.106960
0 0.221513 0.428938 0.117730 0.135531
0 0.214184 0.592308 0.109693 0.101832
0 0.221277 0.777289 0.120095 0.178755
0 0.125296 0.181319 0.104965 0.176557