0 1.586151 0.288776 0.315620 0.244898
0 1.613527 0.510204 0.270531 0.171429
0 1.672303 0.743878 0.265700 0.226531
0 1.674718 0.962755 0.276973 0.219388
0 1.700483 1.230102 0.328502 0.239796
0 1.645733 1.456122 0.257649 0.159184
0 1.653784 1.623469 0.286634 0.144898
0 1.229469 0.305612 0.346216 0.237755
0 1.279388 0.553061 0.265700 0.159184
0 1.310789 0.750000 0.244767 0.136735
0 1.314010 0.909694 0.276973 0.166327
0 1.322061 1.202551 0.312399 0.272449
0 1.290660 1.494898 0.346216 0.155102
0 1.289855 1.635714 0.247987 0.108163
0 0.425121 0.348469 0.238325 0.129592
0 0.452496 0.545918 0.299517 0.191837
0 0.438003 0.802551 0.299517 0.184694