0 1.315177 0.208494 0.172583 0.151351
0 1.324357 0.331274 0.141983 0.098842
0 1.336597 0.487259 0.164015 0.148263
0 1.364749 0.651737 0.149327 0.194595
0 1.367197 0.800772 0.119951 0.115830
0 1.373317 0.937452 0.117503 0.111197
0 1.390453 1.068726 0.141983 0.111197
0 1.401469 1.220077 0.212974 0.138996
0 1.407589 1.363707 0.127295 0.148263
0 1.406365 1.508880 0.132191 0.142085
0 1.412485 1.646718 0.190942 0.119691
0 1.436965 1.758687 0.112607 0.096525
0 1.132803 0.198842 0.148103 0.119691
0 1.137087 0.320849 0.168911 0.122780
0 1.165239 0.475676 0.156671 0.129730
0 1.168299 0.642857 0.121175 0.142857
0 1.183599 0.787645 0.188494 0.146718
0 1.181151 0.935135 0.154223 0.137452
0 1.178703 1.069112 0.154223 0.093436
0 1.173807 1.202703 0.144431 0.127413
0 1.176255 1.344402 0.149327 0.137452
0 1.181151 1.487259 0.178703 0.154440
0 1.143207 1.616988 0.186047 0.108108
0 1.172583 1.749807 0.235006 0.159073
0 0.959608 0.207722 0.161567 0.118919
0 0.953488 0.334363 0.129743 0.131274
0 0.944308 0.482625 0.116279 0.118919
0 0.931457 0.628571 0.119951 0.106564
0 0.920441 0.768340 0.212974 0.165251
0 0.942472 0.937452 0.137087 0.183784
0 0.943084 1.098842 0.160343 0.143629
0 0.929009 1.244788 0.173807 0.149807
0 0.897185 1.383784 0.139535 0.118919
0 0.884333 1.626255 0.238678 0.132819
0 0.865361 1.748263 0.134639 0.135907
0 0.782742 0.180695 0.160343 0.154440
0 0.764994 0.338996 0.154223 0.171429
0 0.764994 0.496139 0.173807 0.142857
0 0.727662 0.850965 0.194614 0.244015
0 0.709914 1.061004 0.210526 0.176062
0 0.702570 1.197683 0.156671 0.149807
0 0.709914 1.350579 0.210526 0.159073
0 0.664627 1.552896 0.232558 0.247104
0 0.652387 1.742857 0.168911 0.131274