0 1.413699 0.231691 0.432877 0.182867
0 1.424658 0.405681 0.345205 0.136707
0 1.415068 0.556147 0.386301 0.130493
0 1.409589 0.720373 0.386301 0.130493
0 1.393151 0.867732 0.386301 0.130493
0 1.409589 1.026631 0.386301 0.130493
0 1.376712 1.164225 0.386301 0.130493
0 1.376712 1.313360 0.386301 0.130493
0 1.376712 1.455393 0.386301 0.130493
0 1.360274 1.615180 0.386301 0.130493
0 1.313699 1.752774 0.386301 0.130493
0 0.932877 0.223258 0.386301 0.130493
0 0.965753 0.391922 0.386301 0.130493
0 0.932877 0.560586 0.386301 0.130493
0 0.919178 0.693742 0.386301 0.130493
0 0.932877 0.848202 0.386301 0.130493
0 0.889041 0.990235 0.386301 0.130493
0 0.838356 1.159787 0.361644 0.189081
0 0.846575 1.318242 0.339726 0.120728
0 0.821918 1.479805 0.515068 0.204172
0 0.816438 1.699068 0.432877 0.227253
0 0.457534 0.230360 0.345205 0.153573
0 0.434247 0.375943 0.331507 0.107412
0 0.467123 0.505992 0.331507 0.138482
0 0.456164 0.644474 0.331507 0.138482
0 0.456164 0.756325 0.331507 0.138482
0 0.441096 0.884154 0.394521 0.138482
0 0.421918 1.017310 0.372603 0.122503
0 0.394521 1.147803 0.410959 0.117177
0 0.391781 1.300932 0.361644 0.173103
0 0.356164 1.467821 0.361644 0.148247
0 0.364384 1.634265 0.410959 0.168664
0 0.350685 1.772747 0.356164 0.133156