0 0.496291 0.250587 0.043194 0.058073
0 0.496073 0.307318 0.039267 0.043303
0 0.498473 0.357670 0.051047 0.039946
0 0.493455 0.410708 0.068063 0.038604
0 0.505454 0.461564 0.046684 0.050352
0 0.492365 0.519973 0.047557 0.049010
0 0.491056 0.573515 0.043194 0.043974
0 0.496510 0.623867 0.061082 0.042632
0 0.483202 0.682108 0.054538 0.053038
0 0.441754 0.249245 0.048429 0.044646
0 0.437827 0.309164 0.055410 0.049010
0 0.430410 0.359349 0.052792 0.043303
0 0.429101 0.405505 0.048429 0.046324
0 0.425393 0.456697 0.060209 0.043974
0 0.421902 0.510910 0.041012 0.053038
0 0.420157 0.570326 0.066318 0.049010
0 0.419284 0.617153 0.066318 0.039275
0 0.415140 0.667002 0.054538 0.047667