0 0.579272 0.163848 0.071380 0.078175
0 0.588881 0.250000 0.076870 0.089024
0 0.592999 0.350670 0.068634 0.091257
0 0.604667 0.434269 0.067261 0.075303
0 0.496911 0.168156 0.079616 0.086790
0 0.497941 0.253829 0.091283 0.085195
0 0.495539 0.352585 0.093342 0.097001
0 0.497255 0.451978 0.067948 0.085833
0 0.404598 0.167677 0.069321 0.087747
0 0.396362 0.260370 0.084420 0.082961
0 0.381949 0.346682 0.081675 0.079451
0 0.371311 0.457084 0.080988 0.085833
0 0.570693 0.802170 0.063830 0.084876
0 0.474605 0.800734 0.078929 0.082004