0 1.069927 0.348776 0.163620 0.183566
0 1.082267 0.515734 0.175503 0.167832
0 1.091865 0.667832 0.163620 0.146853
0 1.086837 0.810315 0.166362 0.162587
0 1.083181 0.966783 0.184644 0.174825
0 0.920475 0.339161 0.148080 0.171329
0 0.912249 0.496503 0.120658 0.111888
0 0.886654 0.655594 0.135283 0.178322
0 0.904022 0.831294 0.133455 0.162587
0 0.911335 0.982080 0.160878 0.156469
0 0.238574 1.194930 0.232176 0.194056
0 0.236289 1.364073 0.194698 0.156469
0 0.234918 1.522727 0.213894 0.176573
0 0.245430 1.700175 0.183729 0.201049
0 0.090494 1.194930 0.170018 0.190559
0 0.094150 1.360140 0.173675 0.176573
0 0.086380 1.524913 0.161792 0.207168
0 0.081353 1.707168 0.137112 0.141608
0 1.878428 1.184441 0.151737 0.194056
0 1.890311 1.383741 0.164534 0.204545
0 1.889397 1.557692 0.148080 0.157343
0 1.885740 1.733392 0.166362 0.211538
0 1.737203 1.191434 0.159963 0.181818
0 1.728519 1.368881 0.151737 0.164336
0 1.750457 1.532343 0.162706 0.173077
0 1.739488 1.701049 0.148080 0.157343