0 1.354839 0.416221 0.265233 0.201426
0 1.333333 0.638146 0.293907 0.178253
0 1.301075 0.826203 0.308244 0.147950
0 1.303763 0.996435 0.349462 0.178253
0 1.275986 1.194742 0.275986 0.204100
0 1.308244 1.368984 0.200717 0.074866
0 1.265233 1.502674 0.265233 0.194296
0 0.980287 0.477718 0.297491 0.292335
0 0.982079 0.764706 0.340502 0.290553
0 0.986559 0.982620 0.238351 0.150624
0 0.985663 1.119430 0.293907 0.124777
0 0.951613 1.332442 0.297491 0.229947
0 0.939964 1.533868 0.238351 0.144385
0 0.594086 0.446524 0.256272 0.224599
0 0.615591 0.676471 0.317204 0.169340
0 0.641577 0.840463 0.265233 0.169340
0 0.569892 1.009804 0.308244 0.155080
0 0.575269 1.261141 0.311828 0.253119
0 0.618280 1.507130 0.340502 0.244207