0 1.589922 0.198461 0.168992 0.147428
0 1.579845 0.377481 0.217054 0.157149
0 1.600000 0.541920 0.195349 0.140948
0 1.609302 0.723370 0.213953 0.173350
0 1.593798 0.912920 0.217054 0.173350
0 1.615504 1.057108 0.186047 0.124747
0 1.590698 1.240178 0.192248 0.150668
0 1.603101 1.421223 0.186047 0.170919
0 1.623256 1.586877 0.151938 0.118267
0 1.598450 1.760227 0.207752 0.179830
0 1.365891 0.230053 0.195349 0.162009
0 1.367442 0.389631 0.192248 0.147428
0 1.386822 0.543540 0.231008 0.157149
0 1.381395 0.723370 0.164341 0.173350
0 1.376744 0.897124 0.198450 0.170919
0 1.386047 1.066829 0.217054 0.131227
0 1.390698 1.250304 0.210853 0.170919
0 1.384496 1.426488 0.213953 0.127987
0 1.379070 1.593358 0.203101 0.150668
0 1.378295 1.769137 0.226357 0.129607
0 1.164341 0.226812 0.176744 0.147428
0 1.124031 0.394492 0.195349 0.163629
0 1.156589 0.580802 0.248062 0.199271
0 1.158915 0.748481 0.141085 0.124747
0 1.168992 0.912920 0.223256 0.199271
0 1.162016 1.103686 0.172093 0.153098
0 1.167442 1.257999 0.176744 0.147428
0 1.167442 1.422438 0.226357 0.165249
0 1.158140 1.573917 0.220155 0.134467
0 1.148837 1.765087 0.176744 0.163629
0 0.941085 0.226407 0.189147 0.170919
0 0.927132 0.377886 0.161240 0.136898
0 0.936434 0.550830 0.217054 0.144188
0 0.939535 0.725800 0.223256 0.149048
0 0.947287 0.900365 0.158140 0.138518
0 0.937984 1.067639 0.244961 0.191171
0 0.945736 1.235723 0.210853 0.138518
0 0.933333 1.434589 0.226357 0.179830
0 0.938760 1.608343 0.237209 0.170919
0 0.713178 0.217092 0.220155 0.160389
0 0.705426 0.391657 0.220155 0.153098
0 0.727132 0.574322 0.226357 0.166869
0 0.705426 0.745241 0.192248 0.158769
0 0.703876 0.897529 0.155039 0.145808
0 0.719380 1.075739 0.186047 0.178210
0 0.728682 1.268530 0.182946 0.174970
0 0.717829 1.433779 0.213953 0.160389
0 0.696124 1.601458 0.151938 0.163629
0 0.702326 1.763062 0.220155 0.170919
0 0.511628 0.217902 0.179845 0.129607
0 0.499225 0.395302 0.179845 0.181450
0 0.513178 0.566626 0.226357 0.170919
0 0.513178 0.734710 0.192248 0.150668
0 0.506977 0.902390 0.251163 0.178210
0 0.503101 1.075739 0.234109 0.178210
0 0.499225 1.248279 0.210853 0.149048
0 0.474419 1.429729 0.248062 0.173350
0 0.497674 1.606723 0.244961 0.164439
0 0.472868 1.767112 0.269767 0.154719
0 0.268217 0.557311 0.213953 0.160389
0 0.289922 0.728635 0.220155 0.138518
0 0.260465 0.893479 0.285271 0.163629
0 0.235659 1.077359 0.313178 0.174970