0 0.943213 0.284519 0.168975 0.050209
0 0.943213 0.349372 0.146814 0.066946
0 0.961219 0.414226 0.227147 0.050209
0 0.969529 0.474895 0.177285 0.066946
0 0.972299 0.550209 0.204986 0.083682
0 0.965374 0.625523 0.229917 0.066946
0 0.986150 0.699268 0.221607 0.078452
0 0.957064 0.775105 0.229917 0.071130
0 0.957064 0.841527 0.163435 0.047071
0 0.959834 0.910042 0.252078 0.083682
0 0.933518 0.986402 0.166205 0.056485
0 0.950139 1.064854 0.216066 0.098326
0 0.951524 1.160042 0.185596 0.083682
0 0.947368 1.437238 0.221607 0.083682
0 0.940443 1.717573 0.207756 0.089958
0 0.940443 1.813808 0.252078 0.096234