0 0.767114 0.327344 0.136913 0.084137
0 0.763087 0.421560 0.116779 0.077125
0 0.752685 0.519500 0.130872 0.097721
0 0.747651 0.627301 0.146309 0.119632
0 0.732886 0.747152 0.134228 0.099036
0 0.726174 0.853856 0.130201 0.100351
0 0.620134 0.204645 0.123490 0.095530
0 0.619799 0.315074 0.159060 0.120070
0 0.595638 0.424847 0.102685 0.088957
0 0.588591 0.533085 0.155705 0.111744
0 0.568121 0.740798 0.108054 0.081946
0 0.570805 0.837204 0.130872 0.115250
0 0.436913 0.208151 0.153020 0.127958
0 0.426510 0.318580 0.175168 0.100789
0 0.433557 0.420465 0.100671 0.104733
0 0.418121 0.516871 0.150336 0.092463
0 0.408389 0.622918 0.160403 0.119632
0 0.402013 0.733348 0.118121 0.089833
0 0.408054 0.829974 0.123490 0.100789
0 0.277852 0.195223 0.132886 0.122261
0 0.255369 0.288344 0.136242 0.066608
0 0.246309 0.410386 0.167785 0.181858
0 0.235906 0.582822 0.181879 0.164768
0 0.226846 0.793164 0.181208 0.248904