0 0.725217 0.200338 0.179130 0.075699
0 0.720000 0.299180 0.175652 0.112343
0 0.720000 0.413693 0.180870 0.103182
0 0.720000 0.545564 0.180870 0.121022
0 0.720870 0.658149 0.163478 0.090646
0 0.715217 0.733848 0.145217 0.066538
0 0.737391 0.820636 0.168696 0.086789
0 0.564348 0.206365 0.163478 0.093539
0 0.564783 0.306172 0.143478 0.088717
0 0.567391 0.383317 0.133043 0.076181
0 0.569130 0.469383 0.133043 0.072806
0 0.570000 0.556413 0.146957 0.085824
0 0.570870 0.648023 0.145217 0.087753
0 0.576087 0.723963 0.146957 0.069913
0 0.574783 0.781340 0.163478 0.049662
0 0.582609 0.836307 0.153043 0.068949
0 0.422174 0.205159 0.148696 0.075699
0 0.417826 0.281823 0.133043 0.067985
0 0.423043 0.346673 0.143478 0.048216
0 0.429565 0.421408 0.153043 0.090646
0 0.428696 0.514224 0.154783 0.081485
0 0.423478 0.619335 0.165217 0.083414
0 0.428696 0.702025 0.161739 0.055931
0 0.429130 0.775554 0.141739 0.074735
0 0.420870 0.839441 0.170435 0.060752
0 0.276522 0.220347 0.180870 0.106075
0 0.278261 0.348120 0.154783 0.108004
0 0.278261 0.454677 0.165217 0.039537
0 0.274783 0.538814 0.160000 0.117165
0 0.275217 0.641755 0.148696 0.054002