0 0.808407 0.226767 0.185728 0.140653
0 0.786901 0.422677 0.150538 0.179404
0 0.773216 0.627198 0.162268 0.152135
0 0.764418 0.824543 0.160313 0.136347
0 0.603128 0.227485 0.232649 0.176534
0 0.595308 0.668820 0.158358 0.155005
0 0.583578 0.833154 0.154448 0.130606
0 0.415445 0.236096 0.158358 0.185145
0 0.422287 0.422677 0.129032 0.173663
0 0.415445 0.792967 0.189638 0.162182
0 0.226784 0.225332 0.218964 0.155005
0 0.227761 0.418371 0.205279 0.162182
0 0.251222 0.635091 0.162268 0.130606
0 0.230694 0.790814 0.144673 0.120560