0 1.893617 0.442308 0.083256 0.300000
0 1.887142 0.773077 0.083256 0.307692
0 1.899167 1.350000 0.094357 0.661538
0 1.795560 1.015385 0.090657 0.415385
0 1.806660 1.423077 0.083256 0.492308
0 1.663275 0.586538 0.088807 0.419231
0 1.671600 1.007692 0.109158 0.492308
0 1.670213 1.425000 0.106383 0.419231
0 1.525439 0.575000 0.079556 0.396154
0 1.523589 0.996154 0.131360 0.500000
0 1.516189 1.446154 0.086957 0.469231
0 1.381129 1.234615 0.120259 0.592308
0 1.382979 1.619231 0.083256 0.292308
0 1.262257 0.934615 0.089732 0.353846
0 1.260870 1.357692 0.123959 0.484615
0 1.146161 0.640385 0.112858 0.534615
0 1.134135 1.053846 0.081406 0.400000
0 1.137835 1.490385 0.088807 0.488462
0 0.994912 0.480769 0.084181 0.376923
0 0.494912 1.553846 0.085106 0.415385
0 0.378353 0.644231 0.118409 0.350000
0 0.387604 1.057692 0.109158 0.538462
0 0.395930 1.540385 0.085106 0.396154