0 0.500000 0.086774 0.158763 0.059298
0 0.462371 0.135206 0.196907 0.048743
0 0.392784 0.173549 0.249485 0.039118
0 0.367526 0.211270 0.190722 0.039429
0 0.366495 0.244179 0.192784 0.026389
0 0.340206 0.285781 0.237113 0.040671
0 0.317526 0.319621 0.206186 0.040050
0 0.285052 0.363396 0.180412 0.048743
0 0.277320 0.406706 0.239175 0.045328
0 0.271649 0.452344 0.178351 0.046569
0 0.274227 0.500931 0.173196 0.053710
0 0.288144 0.554020 0.130928 0.045017
0 0.326804 0.616889 0.154639 0.037876
0 0.332474 0.670133 0.209278 0.058677
0 0.391753 0.724309 0.189691 0.046569
0 0.448454 0.794629 0.247423 0.063024