0 1.700000 0.241483 0.221192 0.218437
0 1.660927 0.449900 0.254305 0.160321
0 1.660927 0.668337 0.209272 0.222445
0 1.647682 0.879760 0.267550 0.200401
0 1.646358 1.095190 0.193377 0.196393
0 1.625166 1.299599 0.262252 0.190381
0 1.625166 1.513026 0.214570 0.196393
0 1.629139 1.743988 0.294040 0.241483
0 1.401987 0.223447 0.252980 0.196393
0 1.384106 0.686373 0.304636 0.254509
0 1.392053 0.922846 0.254305 0.206413
0 1.368212 1.101202 0.174834 0.170341
0 1.337748 1.286072 0.230464 0.199399
0 1.340397 1.522545 0.278146 0.215431
0 1.356291 1.747495 0.243709 0.212425
0 1.126490 0.240982 0.284768 0.231463
0 1.133775 0.466433 0.272848 0.199399
0 1.133113 0.682365 0.263576 0.200401
0 1.123841 0.909820 0.231788 0.228457
0 1.104636 1.137776 0.256954 0.207415
0 1.092715 1.516032 0.251656 0.202405
0 1.088742 1.747495 0.243709 0.220441
0 0.841060 0.247495 0.249007 0.246493
0 0.839735 0.475952 0.291391 0.180361
0 0.839735 0.684369 0.264901 0.214429
0 0.823841 0.899800 0.254305 0.192385
0 0.825166 1.111723 0.309934 0.199399
0 0.804636 1.320641 0.274172 0.200401
0 0.788079 1.522545 0.238411 0.215431
0 0.822517 1.751503 0.249007 0.196393
0 0.560265 0.266533 0.249007 0.212425
0 0.576159 0.478958 0.230464 0.182365
0 0.561589 0.672846 0.294040 0.231463
0 0.570861 0.861222 0.251656 0.133267
0 0.584106 0.995491 0.203974 0.119238
0 0.509934 1.134770 0.225166 0.175351
0 0.530464 1.312625 0.176159 0.164329
0 0.536424 1.511022 0.251656 0.232465
0 0.537748 1.737475 0.225166 0.188377
0 0.311258 0.274549 0.264901 0.232465
0 0.304636 0.460421 0.217219 0.127255
0 0.288742 0.672345 0.267550 0.278557
0 0.294040 0.918838 0.230464 0.186373
0 0.284768 1.352705 0.251656 0.200401
0 0.256291 1.547595 0.274172 0.175351
0 0.282119 1.763026 0.301987 0.265531