0 0.769815 0.376740 0.182125 0.198144
0 0.781197 0.541418 0.199831 0.119284
0 0.781197 0.654738 0.164418 0.091451
0 0.819140 0.763088 0.189713 0.113320
0 0.598651 0.367793 0.151771 0.184228
0 0.603710 0.505302 0.192243 0.081511
0 0.604975 0.617959 0.169477 0.121272
0 0.610455 0.721339 0.177066 0.085487
0 0.631956 0.815109 0.174536 0.115308
0 0.462057 0.332339 0.065767 0.085487
0 0.446880 0.409874 0.131535 0.089463
0 0.439292 0.641816 0.146712 0.069583
0 0.441821 0.745195 0.172007 0.137177
0 0.295953 0.346256 0.197302 0.165010
0 0.282040 0.510272 0.179595 0.143141
0 0.290051 0.592114 0.161889 0.041750
0 0.272344 0.678595 0.156830 0.147117
0 0.243255 0.794235 0.164418 0.101392