0 0.473613 0.222632 0.100450 0.114783
0 0.467916 0.380643 0.104048 0.136323
0 0.479160 0.530540 0.122339 0.145176
0 0.477211 0.673945 0.118441 0.127471
0 0.475412 0.806875 0.104048 0.116554
0 0.364768 0.234435 0.113043 0.149012
0 0.362069 0.394217 0.111244 0.123930
0 0.363868 0.550310 0.114843 0.177634
0 0.378411 0.711124 0.092954 0.122160
0 0.377511 0.823104 0.091154 0.113013
0 0.246327 0.236943 0.098651 0.172322
0 0.249925 0.412806 0.098651 0.129242
0 0.257271 0.534081 0.120540 0.123930
0 0.249025 0.667158 0.111244 0.138094
0 0.264618 0.803187 0.105847 0.127471
0 0.139580 0.246976 0.100450 0.167011
0 0.143178 0.405724 0.114843 0.143405
0 0.152024 0.543081 0.096552 0.134848
0 0.143328 0.666126 0.092954 0.104161
0 0.153373 0.792564 0.109445 0.123930