0 1.151731 0.213700 0.470468 0.210829
0 1.225051 0.426989 0.356415 0.171452
0 1.248473 0.631255 0.329939 0.163249
0 1.235234 0.840443 0.344196 0.148482
0 1.306517 1.031993 0.389002 0.154225
0 1.240326 1.262920 0.501018 0.176374
0 1.329939 1.481952 0.476578 0.214110
0 1.302444 1.650533 0.331976 0.141099
0 0.701629 0.229286 0.450102 0.192781
0 0.776986 0.445857 0.389002 0.205906
0 0.818737 0.691140 0.317719 0.260049
0 0.890020 0.884742 0.403259 0.161608
0 0.879837 1.073831 0.350305 0.172272
0 0.760692 1.283839 0.380855 0.205086
0 0.797352 1.502461 0.421589 0.219032
0 0.836049 1.696883 0.458248 0.207547