0 1.595583 0.335950 0.281573 0.232339
0 1.596963 0.527473 0.240166 0.160126
0 1.603865 0.718995 0.270531 0.188383
0 1.612146 0.922292 0.270531 0.153846
0 1.614907 1.102826 0.276052 0.153846
0 1.621808 1.297488 0.325742 0.172684
0 1.614907 1.489796 0.267771 0.222920
0 1.338854 0.344584 0.220842 0.224490
0 1.322291 0.553375 0.226363 0.216641
0 1.334714 0.729984 0.184955 0.147567
0 1.308489 0.928571 0.242926 0.199372
0 1.311249 1.111460 0.248447 0.156986
0 1.325052 1.316327 0.237405 0.208791
0 1.338854 1.499215 0.331263 0.156986
0 1.046239 0.361852 0.309179 0.215071
0 1.062802 0.560440 0.267771 0.172684
0 1.050380 0.733909 0.262250 0.153846
0 1.037957 0.921507 0.253968 0.204082
0 1.025535 1.113030 0.240166 0.175824
0 1.068323 1.334380 0.303658 0.188383
0 1.053140 1.503140 0.220842 0.153846
0 0.766046 0.325746 0.223602 0.158556
0 0.782609 0.536892 0.240166 0.219780
0 0.782609 1.014914 0.311939 0.167975
0 0.763285 1.215856 0.284334 0.211931
0 0.782609 1.373626 0.201518 0.105181
0 0.786749 1.532967 0.311939 0.167975
0 0.496894 0.335950 0.193237 0.153846
0 0.518979 1.029827 0.220842 0.175824
0 0.494134 1.215856 0.270531 0.180534
0 0.502415 1.372057 0.193237 0.138148
0 0.509317 1.515699 0.262250 0.164835