0 0.729922 0.367357 0.108031 0.073567
0 0.742004 0.442038 0.109453 0.081529
0 0.753376 0.521497 0.137882 0.076115
0 0.754797 0.588217 0.130775 0.047771
0 0.756219 0.662580 0.162047 0.075478
0 0.765458 0.723885 0.127932 0.059236
0 0.751955 0.783439 0.147832 0.063694
0 0.745913 0.861465 0.165601 0.091720
0 0.562189 0.226274 0.191898 0.069745
0 0.559346 0.302070 0.170576 0.079936
0 0.541222 0.362420 0.124378 0.052229
0 0.555437 0.419904 0.178394 0.081210
0 0.562900 0.489013 0.142146 0.061465
0 0.583866 0.549363 0.168443 0.063694
0 0.562900 0.614490 0.157783 0.068471
0 0.567164 0.686783 0.176262 0.062739
0 0.552594 0.753662 0.162758 0.082484
0 0.549751 0.826592 0.162758 0.072930
0 0.570718 0.896178 0.173419 0.073248
0 0.379176 0.292834 0.152807 0.061465
0 0.392324 0.439013 0.147832 0.072930
0 0.375267 0.514331 0.144989 0.063694
0 0.385572 0.597293 0.181237 0.081210
0 0.376333 0.673567 0.194030 0.066242
0 0.379176 0.753662 0.178394 0.093949