0 0.760372 0.141099 0.122872 0.090663
0 0.754521 0.244971 0.099468 0.070850
0 0.761702 0.347343 0.102128 0.070850
0 0.755851 0.430802 0.125532 0.066046
0 0.755585 0.556890 0.072872 0.090663
0 0.599202 0.129391 0.122872 0.070850
0 0.605053 0.244371 0.122872 0.092465
0 0.599468 0.349895 0.140426 0.082558
0 0.594681 0.455569 0.102128 0.115581
0 0.594947 0.555089 0.096277 0.057640
0 0.427128 0.146803 0.128723 0.099069
0 0.437234 0.235965 0.113830 0.072651
0 0.423936 0.355449 0.117021 0.110477
0 0.434043 0.474782 0.113830 0.113780
0 0.416489 0.570099 0.160638 0.077454
0 0.422340 0.693035 0.148936 0.115581
0 0.426862 0.797058 0.134574 0.092465
0 0.275000 0.138547 0.187234 0.098769
0 0.258777 0.309517 0.189894 0.229361
0 0.243883 0.470279 0.119681 0.075953
0 0.229521 0.569949 0.119681 0.080757
0 0.238298 0.671570 0.172340 0.118883
0 0.235372 0.802011 0.184574 0.128790