0 1.454657 0.384956 0.115196 0.122124
0 1.453431 0.485841 0.098039 0.079646
0 1.468137 0.576106 0.090686 0.099115
0 1.470588 0.677876 0.093137 0.107965
0 1.465074 0.769027 0.101716 0.079646
0 1.455882 0.831858 0.098039 0.061947
0 1.435049 0.926549 0.137255 0.136283
0 1.454657 1.066372 0.112745 0.125664
0 1.311275 0.361062 0.093137 0.081416
0 1.301471 0.456637 0.117647 0.106195
0 1.299020 0.566372 0.098039 0.102655
0 1.289828 0.679646 0.138480 0.116814
0 1.287990 0.786726 0.110294 0.090265
0 1.280637 0.871239 0.105392 0.075221
0 1.259804 1.084956 0.142157 0.150442
0 0.890931 1.274779 0.085784 0.128319
0 0.878676 1.384956 0.085784 0.079646
0 0.868873 1.476106 0.080882 0.088496
0 0.780637 1.377876 0.100490 0.104425
0 0.751225 1.487611 0.129902 0.132743
0 0.645221 1.247345 0.138480 0.112389
0 0.667892 1.349558 0.132353 0.079646
0 0.607843 1.456637 0.151961 0.130973
0 0.519608 1.250442 0.098039 0.122124
0 0.477941 1.353097 0.098039 0.067257
0 0.465686 1.435841 0.102941 0.100000
0 0.446691 1.536726 0.165441 0.114159
0 0.367647 1.299115 0.147059 0.120354
0 0.359681 1.396018 0.082108 0.066372
0 0.320466 1.468142 0.099265 0.090265
0 0.300858 1.568142 0.104167 0.116814