0 1.119190 0.621369 0.092968 0.153527
0 1.117402 0.737552 0.089392 0.080913
0 1.121573 0.828838 0.092968 0.105809
0 1.119190 0.936722 0.073897 0.112033
0 1.140644 1.052905 0.107271 0.130705
0 1.130513 1.167012 0.087008 0.109959
0 0.967819 0.574689 0.081049 0.066390
0 0.973778 0.649378 0.097735 0.112033
0 0.959476 0.812241 0.102503 0.134855
0 0.966031 0.969398 0.129917 0.187759
0 0.957092 1.131743 0.112038 0.116183
0 0.846246 0.591286 0.131108 0.124481
0 0.842670 0.702801 0.107271 0.108921
0 0.856377 0.829357 0.103695 0.156639
0 0.843266 0.941909 0.113230 0.103734
0 0.840286 1.080913 0.131108 0.203320
0 0.193683 1.274378 0.113230 0.220954
0 0.205602 1.515560 0.137068 0.199170
0 0.202622 1.665975 0.095352 0.070539
0 0.212753 1.771784 0.103695 0.145228