0 1.704918 0.255732 0.192864 0.313933
0 1.722276 0.597884 0.204436 0.278660
0 1.749277 1.266755 0.165863 0.297178
0 1.427194 0.257496 0.208293 0.306878
0 1.451302 0.604056 0.241080 0.305115
0 1.458052 0.928131 0.177435 0.286596
0 1.480231 1.272487 0.163934 0.308642
0 1.493732 1.621252 0.194793 0.293651
0 1.128255 0.271605 0.165863 0.296296
0 1.155256 0.590829 0.189007 0.305115
0 1.176471 0.941358 0.185149 0.286596
0 1.228544 1.286596 0.142719 0.289242
0 1.220829 1.611993 0.158149 0.328042
0 0.881389 0.280423 0.200579 0.305115
0 0.912247 0.608025 0.189007 0.291887
0 0.919961 0.946208 0.158149 0.296296
0 0.925747 1.291446 0.169720 0.309524
0 0.960463 1.627866 0.177435 0.306878
0 0.644166 0.276896 0.200579 0.310406
0 0.667310 0.620811 0.158149 0.303351
0 0.685632 0.970018 0.194793 0.291005
0 0.709740 1.292769 0.204436 0.289242
0 0.702025 1.628748 0.208293 0.308642
0 0.405014 0.295855 0.181292 0.300705
0 0.428158 0.634921 0.185149 0.306878
0 0.439730 0.964727 0.208293 0.298060
0 0.445516 1.295855 0.189007 0.298942
0 0.441659 1.630071 0.181292 0.311287
0 0.181292 0.303351 0.146577 0.306878
0 0.172613 0.565256 0.136933 0.149912
0 0.214079 0.977072 0.158149 0.282187
0 0.217936 1.304233 0.196721 0.306878
0 0.223722 1.648148 0.169720 0.301587