0 0.455202 0.223714 0.153179 0.078615
0 0.457611 0.288256 0.134875 0.056292
0 0.454721 0.350372 0.188825 0.061469
0 0.446050 0.411356 0.129094 0.062439
0 0.456647 0.477192 0.156069 0.059528
0 0.452794 0.538337 0.161850 0.056292
0 0.447013 0.605306 0.156069 0.077645
0 0.442197 0.683759 0.177264 0.085733
0 0.426301 0.760434 0.191715 0.071498
0 0.432563 0.839211 0.210019 0.081527
0 0.261079 0.228405 0.150289 0.069880
0 0.261079 0.287286 0.173410 0.052410
0 0.241811 0.356842 0.183044 0.084762
0 0.239884 0.440796 0.150289 0.085733
0 0.233622 0.515044 0.180154 0.070527
0 0.198459 0.665319 0.156069 0.060498
0 0.207129 0.730346 0.198459 0.077321
0 0.205202 0.794080 0.171484 0.052734
0 0.211946 0.845519 0.177264 0.058557