0 1.297851 0.532325 0.192904 0.159560
0 1.311344 0.705983 0.131934 0.146492
0 1.291854 0.885144 0.176912 0.166437
0 1.301349 1.063274 0.155922 0.167813
0 1.312344 1.242435 0.145927 0.143741
0 1.307346 1.418157 0.151924 0.176066
0 1.334333 1.613136 0.169915 0.169876
0 1.105947 0.540922 0.204898 0.174003
0 1.128436 0.713205 0.165917 0.174691
0 1.113443 0.889959 0.141929 0.155433
0 1.117441 1.079436 0.161919 0.136864
0 1.151424 1.255158 0.141929 0.163686
0 1.146427 1.418501 0.155922 0.134113
0 1.144428 1.608666 0.163918 0.145805
0 0.922539 0.548831 0.171914 0.169188
0 0.948026 0.719395 0.144928 0.158184
0 0.929535 0.895461 0.161919 0.155433
0 0.936032 1.083219 0.128936 0.144429
0 0.949525 1.253095 0.165917 0.149931
0 0.954523 1.417469 0.149925 0.123796
0 0.718641 0.541953 0.165917 0.169188
0 0.740630 0.726272 0.217891 0.180193
0 0.742129 0.903714 0.196902 0.152682
0 0.760620 1.081155 0.143928 0.137552
0 0.752624 1.257221 0.147926 0.149931
0 0.761619 1.431224 0.153923 0.151307
0 0.767616 1.607978 0.149925 0.152682
0 0.536732 0.547455 0.155922 0.181568
0 0.548726 0.734525 0.155922 0.160935
0 0.560720 0.898212 0.163918 0.138927
0 0.545227 1.090096 0.180910 0.187070
0 0.563218 1.252407 0.168916 0.145805
0 0.354823 0.522696 0.157921 0.145805
0 0.355822 0.713205 0.135932 0.129298
0 0.369815 0.900963 0.171914 0.149931
0 0.368816 1.090096 0.195902 0.158184
0 0.373813 1.259285 0.155922 0.160935
0 0.383808 1.435695 0.145927 0.160248
0 0.393303 1.621733 0.176912 0.174691