0 0.798221 0.560636 0.168983 0.186879
0 0.802112 0.769384 0.165648 0.206759
0 0.795998 0.980119 0.168983 0.186879
0 0.795998 1.163022 0.168983 0.186879
0 0.791551 1.361829 0.184547 0.218688
0 0.600889 0.582505 0.196776 0.222664
0 0.594775 0.802187 0.153419 0.125249
0 0.610339 0.987575 0.200111 0.229622
0 0.614786 1.204771 0.168983 0.147117
0 0.595887 1.388171 0.164536 0.175944
0 0.415787 0.606362 0.164536 0.258449
0 0.391884 0.825050 0.156754 0.155070
0 0.400222 1.022366 0.188994 0.211730
0 0.402446 1.211730 0.164536 0.155070