0 0.918970 0.072816 0.047775 0.079612
0 0.914520 0.145631 0.037939 0.047573
0 0.919204 0.203883 0.045433 0.053398
0 0.912412 0.265777 0.033724 0.051942
0 0.913349 0.332524 0.048712 0.066990
0 0.912881 0.414806 0.041218 0.076214
0 0.917799 0.479369 0.022951 0.023786
0 0.916393 0.528883 0.054801 0.064563
0 0.923888 0.621602 0.037939 0.091748
0 0.920141 0.694660 0.039813 0.050485
0 0.923653 0.746602 0.043091 0.049515
0 0.925761 0.811893 0.054801 0.078155
0 0.930913 0.883252 0.048244 0.064563
0 0.859485 0.606553 0.054333 0.074272
0 0.865105 0.683252 0.060890 0.070388
0 0.862061 0.739806 0.037939 0.040777
0 0.863700 0.792233 0.044028 0.063107
0 0.867681 0.866019 0.053864 0.087379
0 0.801171 0.601942 0.051054 0.069903
0 0.804215 0.688350 0.059953 0.102913
0 0.810304 0.857524 0.046838 0.059709
0 0.747073 0.593447 0.037471 0.050000
0 0.751522 0.669175 0.049180 0.083010
0 0.751522 0.799029 0.066042 0.077670
0 0.516159 0.123786 0.048712 0.057282
0 0.520141 0.187864 0.033255 0.063107
0 0.523185 0.247087 0.039344 0.053398
0 0.519204 0.302913 0.036066 0.049515
0 0.518033 0.358495 0.055269 0.059709
0 0.523888 0.432524 0.035129 0.064078
0 0.469321 0.263592 0.033724 0.056311
0 0.465340 0.340534 0.050117 0.098544
0 0.253864 0.598301 0.029040 0.050000
0 0.248244 0.650971 0.035597 0.056311
0 0.254801 0.705583 0.044965 0.053883
0 0.254098 0.810680 0.050117 0.089320
0 0.198361 0.613835 0.064169 0.073301
0 0.193677 0.676214 0.048244 0.053398
0 0.195082 0.730097 0.061358 0.053398
0 0.197424 0.788350 0.036066 0.067961
0 0.196956 0.854126 0.058548 0.058738
0 0.145667 0.608981 0.031850 0.057767
0 0.140515 0.671602 0.031850 0.064563
0 0.140749 0.738835 0.035129 0.058252
0 0.143794 0.806068 0.056206 0.069417
0 0.143560 0.863592 0.052927 0.046602
0 0.146838 0.911165 0.049180 0.050485
0 0.063466 0.078641 0.040749 0.063107
0 0.069321 0.139806 0.034660 0.061165
0 0.072131 0.208981 0.047775 0.057767
0 0.072131 0.264563 0.047775 0.056311
0 0.074239 0.323786 0.037939 0.063107
0 0.078689 0.389320 0.041218 0.063107
0 0.087354 0.455825 0.042623 0.053398
0 0.085480 0.519175 0.044496 0.068447
0 0.087354 0.597573 0.051991 0.067961
0 0.087588 0.675728 0.048712 0.079612
0 0.080796 0.743204 0.046370 0.061165
0 0.086651 0.821845 0.037471 0.054369
0 0.085714 0.907282 0.044965 0.050485