0 1.839868 0.413580 0.090797 0.302469
0 1.834090 0.694444 0.105654 0.351852
0 1.833265 1.089506 0.107305 0.524691
0 1.850598 1.549383 0.099051 0.487654
0 1.736690 0.493827 0.110607 0.493827
0 1.716467 1.290123 0.094924 0.308642
0 1.709038 1.649691 0.119686 0.429012
0 1.650021 0.370370 0.084193 0.407407
0 1.621131 0.700617 0.105654 0.370370
0 1.570367 1.472222 0.093273 0.475309
0 1.336360 0.450617 0.104003 0.419753
0 1.341312 0.817901 0.084193 0.388889
0 1.373504 1.129630 0.085844 0.333333
0 1.386711 1.412037 0.102352 0.441358
0 1.226166 0.438272 0.094924 0.382716
0 1.243087 0.839506 0.120512 0.456790
0 1.257119 1.262346 0.122163 0.438272
0 1.274866 1.666667 0.093273 0.456790
0 1.125464 0.501543 0.116385 0.509259
0 1.099463 0.930556 0.104003 0.429012
0 1.101940 1.385802 0.130417 0.481481
0 0.824185 0.518519 0.116385 0.419753
0 0.855964 0.861111 0.113908 0.339506
0 0.872472 1.212963 0.108956 0.401235
0 0.905902 1.566358 0.139496 0.416667
0 0.704911 1.020062 0.108956 0.422840
0 0.687577 1.484568 0.090797 0.537037
0 0.616591 0.402778 0.112258 0.398148
0 0.587701 0.705247 0.108956 0.361111
0 0.517540 1.567901 0.153529 0.574074
0 0.287247 0.344136 0.145274 0.441358
0 0.295501 0.776235 0.125464 0.441358
0 0.302930 1.183642 0.104003 0.441358
0 0.330169 1.561728 0.141973 0.370370
0 0.160957 0.799383 0.130417 0.574074
0 0.161783 1.379630 0.108956 0.549383