0 0.364389 0.246720 0.219462 0.255298
0 0.372153 0.539859 0.216356 0.308779
0 0.355072 0.802725 0.221532 0.257316
0 0.339027 1.058022 0.216356 0.273461
0 0.319358 1.244702 0.166667 0.132190
0 0.305383 1.424823 0.159420 0.153380
0 0.297101 1.650858 0.209110 0.266398
0 0.685300 0.297175 0.219462 0.301715
0 0.678054 0.595358 0.238095 0.203835
0 0.671843 0.881937 0.236025 0.310797
0 0.681159 1.207871 0.219462 0.318870
0 0.739130 1.593340 0.254658 0.308779
0 0.947205 0.353179 0.209110 0.464178
0 0.938923 0.737134 0.192547 0.257316
0 0.938923 0.993946 0.204969 0.252270
0 0.938923 1.293138 0.211180 0.317861
0 0.942029 1.609485 0.190476 0.232089
0 1.290890 0.221493 0.192547 0.239152
0 1.266046 0.542886 0.233954 0.292634
0 1.301242 0.925328 0.271222 0.294652
0 1.319358 1.247730 0.216356 0.303734
0 1.292961 1.580222 0.281573 0.371342
0 1.589545 0.269425 0.247412 0.264379
0 1.654244 0.607467 0.209110 0.328961
0 1.680124 1.012614 0.337474 0.331988
0 1.701863 1.292634 0.252588 0.215943
0 1.732919 1.542381 0.190476 0.239152