0 0.708589 0.244189 0.107566 0.107891
0 0.702863 0.373601 0.105930 0.109039
0 0.696319 0.494692 0.109202 0.112482
0 0.702658 0.625251 0.092434 0.109039
0 0.715746 0.735007 0.092434 0.084648
0 0.716360 0.885509 0.123926 0.096413
0 0.572802 0.113630 0.117382 0.118221
0 0.586912 0.244620 0.145603 0.143759
0 0.567894 0.386370 0.127198 0.127690
0 0.568916 0.508178 0.139059 0.118221
0 0.562372 0.645481 0.135787 0.151793
0 0.566462 0.774462 0.130879 0.096413
0 0.571166 0.879914 0.120654 0.112769
0 0.411656 0.117934 0.115746 0.110187
0 0.418200 0.234720 0.115746 0.096413
0 0.430061 0.324534 0.099387 0.096413
0 0.430061 0.441463 0.099387 0.131133
0 0.409816 0.598565 0.142331 0.171593
0 0.409407 0.757532 0.143967 0.120516
0 0.409202 0.889813 0.140286 0.148637
0 0.255419 0.116643 0.130470 0.124247
0 0.261350 0.259397 0.148875 0.142324
0 0.272802 0.396700 0.145603 0.139168
0 0.257260 0.520947 0.143967 0.129986
0 0.267076 0.651937 0.153783 0.120516
0 0.267689 0.778479 0.119018 0.106743
0 0.274642 0.888092 0.125562 0.110187