0 0.621659 0.143006 0.268203 0.097425
0 0.609677 0.233646 0.223963 0.075505
0 0.600000 0.314196 0.258065 0.085595
0 0.566359 0.403793 0.236866 0.093598
0 0.550691 0.506611 0.242396 0.104384
0 0.528571 0.655532 0.192627 0.074461
0 0.547005 0.727035 0.229493 0.068546
0 0.530415 0.800278 0.229493 0.079332
0 0.404147 0.144224 0.223963 0.063674
0 0.365438 0.218685 0.211060 0.103340
0 0.354378 0.296277 0.249770 0.051844
0 0.333180 0.359255 0.212903 0.086639
0 0.323963 0.452157 0.242396 0.087335
0 0.310599 0.540362 0.263594 0.090466
0 0.302765 0.612387 0.236866 0.053584
0 0.287097 0.693981 0.247926 0.119346