0 0.577193 0.342800 0.054386 0.047200
0 0.518421 0.342800 0.056140 0.050400
0 0.452193 0.345200 0.081579 0.045600
0 0.388158 0.345600 0.050000 0.052800
0 0.326754 0.397600 0.048246 0.036800
0 0.324123 0.446800 0.044737 0.056800
0 0.326754 0.503200 0.046491 0.054400
0 0.323684 0.563200 0.049123 0.064000
0 0.393860 0.632800 0.068421 0.048000
0 0.461842 0.632400 0.058772 0.050400
0 0.521930 0.634400 0.047368 0.051200
0 0.573246 0.634000 0.057018 0.047200
0 0.640351 0.583600 0.049123 0.034400
0 0.639474 0.532000 0.049123 0.067200
0 0.640351 0.468000 0.045614 0.054400
0 0.639474 0.406000 0.050877 0.056800