0 1.522630 0.260323 0.401366 0.265709
0 1.559351 0.474865 0.297182 0.184919
0 1.521776 0.680431 0.317677 0.247756
0 1.473954 1.106822 0.235696 0.199282
0 1.508113 1.277379 0.235696 0.149013
0 1.485909 1.497307 0.358668 0.290844
0 1.499573 1.786355 0.372331 0.251346
0 1.134073 0.223968 0.249360 0.214542
0 1.111870 0.448384 0.317677 0.221724
0 1.098207 0.694345 0.317677 0.218133
0 1.108454 0.895871 0.297182 0.163375
0 1.105038 1.092460 0.372331 0.220826
0 1.106746 1.295332 0.290350 0.184919
0 1.116994 1.487433 0.269855 0.192101
0 1.095645 1.739677 0.394535 0.287253
0 0.708796 0.245512 0.338173 0.236086
0 0.698548 0.461400 0.317677 0.195691
0 0.695986 0.716338 0.394535 0.319569
0 0.633646 1.763016 0.324509 0.269300
0 0.295474 0.234740 0.385995 0.228905
0 0.307430 0.464991 0.351836 0.254937
0 0.268147 0.707361 0.345004 0.244165
0 0.276687 0.978456 0.304014 0.254937
0 0.247652 1.199282 0.304014 0.188510
0 0.268147 1.397666 0.385995 0.213645
0 0.293766 1.589767 0.310845 0.170557
0 0.271563 1.784111 0.365500 0.225314