0 0.768102 0.193072 0.221135 0.195252
0 0.757665 0.411822 0.166341 0.242248
0 0.763862 0.744671 0.151337 0.104651
0 0.740052 0.881298 0.198956 0.112403
0 0.600130 0.210271 0.152642 0.206395
0 0.597847 0.570252 0.155903 0.165698
0 0.597521 0.734254 0.147423 0.127422
0 0.570776 0.881783 0.125245 0.136628
0 0.417156 0.184109 0.202870 0.185078
0 0.404762 0.392684 0.188519 0.219477
0 0.412590 0.613857 0.170254 0.218023
0 0.421722 0.783430 0.197652 0.108527
0 0.426288 0.896076 0.155903 0.122578
0 0.214938 0.226260 0.202870 0.238372
0 0.240378 0.882510 0.202870 0.179748