0 0.694587 0.265602 0.072421 0.056120
0 0.697147 0.329947 0.077542 0.039671
0 0.696416 0.380503 0.084857 0.064344
0 0.688734 0.446541 0.089978 0.077407
0 0.692392 0.505806 0.082663 0.054669
0 0.695684 0.564344 0.095099 0.066280
0 0.699707 0.635220 0.087052 0.072569
0 0.576811 0.417755 0.104609 0.069182
0 0.570227 0.488147 0.087052 0.062893
0 0.581565 0.544025 0.095099 0.057571
0 0.587418 0.604499 0.102414 0.054669
0 0.587783 0.658684 0.097293 0.069182
0 0.440380 0.278181 0.102414 0.060958
0 0.436723 0.335994 0.099488 0.047896
0 0.442941 0.391872 0.097293 0.067731
0 0.446964 0.461055 0.099488 0.060958
0 0.457571 0.528786 0.097293 0.067731
0 0.467813 0.611514 0.132407 0.077407