0 0.395062 0.078744 0.306173 0.073083
0 0.654321 0.090067 0.241975 0.058672
0 0.358025 0.143078 0.261728 0.051467
0 0.614815 0.151312 0.261728 0.059701
0 0.343210 0.201235 0.281481 0.060731
0 0.617284 0.207926 0.266667 0.049408
0 0.293827 0.261451 0.113580 0.061760
0 0.585185 0.267627 0.281481 0.074112
0 0.271605 0.337622 0.167901 0.072054
0 0.530864 0.340710 0.241975 0.063819
0 0.259259 0.414308 0.222222 0.077200
0 0.449383 0.636644 0.375309 0.046320
0 0.476543 0.702007 0.350617 0.074112
0 0.498765 0.758621 0.365432 0.034997
0 0.540741 0.808029 0.350617 0.059701
0 0.558025 0.873392 0.335802 0.054555
0 0.597531 0.933608 0.385185 0.063819
0 0.619753 0.996397 0.330864 0.061760
0 0.661728 1.053011 0.375309 0.053525
0 0.681481 1.118888 0.375309 0.063819
0 0.745679 1.178075 0.404938 0.058672
0 0.790123 1.237777 0.414815 0.058672
0 0.834568 1.294905 0.335802 0.053525
0 0.913580 1.349460 0.345679 0.055584
0 0.962963 1.401441 0.365432 0.068966
0 0.992593 1.459599 0.404938 0.039115
0 1.056790 1.500772 0.325926 0.045291
0 1.101235 1.547092 0.345679 0.055584
0 1.165432 1.619146 0.355556 0.078230
0 1.269136 1.682964 0.375309 0.061760