0 0.690226 0.492623 0.079968 0.100904
0 0.683360 0.617087 0.077544 0.102332
0 0.568659 0.496430 0.075929 0.090433
0 0.569467 0.615183 0.077544 0.119467
0 0.457593 0.219895 0.075121 0.109472
0 0.446688 0.480010 0.087237 0.117563
0 0.460420 0.610186 0.101777 0.115183
0 0.333199 0.214184 0.075121 0.108520
0 0.339257 0.340552 0.082391 0.105188
0 0.339257 0.608044 0.087237 0.110900
0 0.226979 0.212280 0.090468 0.094241
0 0.222132 0.334365 0.093700 0.107092
0 0.217286 0.460019 0.077544 0.099476
0 0.221729 0.591147 0.091276 0.122799