0 1.854204 0.289178 0.100179 0.128602
0 1.836762 0.600141 0.110018 0.177091
0 1.824240 0.870344 0.092129 0.170766
0 1.803220 1.104357 0.146691 0.208714
0 1.769231 1.399157 0.118068 0.136332
0 1.727639 0.379129 0.158318 0.184821
0 1.699463 0.787070 0.143113 0.244554
0 1.670841 1.108222 0.135957 0.156008
0 1.645796 1.369642 0.118068 0.172874
0 0.254472 0.320450 0.104651 0.146170
0 0.266100 0.647224 0.092129 0.178496
0 0.316190 0.968728 0.145796 0.198876
0 0.347496 1.375966 0.152952 0.233310
0 0.124329 0.320801 0.171735 0.208714
0 0.127907 0.618060 0.148479 0.184821
0 0.156977 0.943781 0.145796 0.212228
0 0.184258 1.228742 0.153846 0.184821
0 0.196780 1.456781 0.137746 0.141954