0 1.083951 0.187777 0.350617 0.162642
0 1.127160 0.327255 0.239506 0.086742
0 1.135802 0.450468 0.232099 0.120256
0 1.156790 0.619517 0.343210 0.188270
0 1.148148 0.799409 0.301235 0.151799
0 1.192593 0.951700 0.301235 0.129128
0 1.185185 1.082307 0.316049 0.137999
0 1.197531 1.238048 0.281481 0.145885
0 1.153086 1.381962 0.281481 0.124199
0 1.177778 1.503696 0.301235 0.142928
0 1.162963 1.665352 0.311111 0.129128
0 0.782716 0.344505 0.281481 0.188270
0 0.827160 0.482997 0.261728 0.106456
0 0.829630 0.609167 0.251852 0.161656
0 0.838272 0.757023 0.323457 0.137999
0 0.793827 0.880237 0.323457 0.118285
0 0.798765 1.000493 0.288889 0.112371
0 0.829630 1.114835 0.197531 0.134056
0 0.861728 1.263677 0.246914 0.106456
0 0.855556 1.362247 0.239506 0.106456
0 0.859259 1.483982 0.266667 0.160670