0 0.708702 0.321675 0.035365 0.026719
0 0.706608 0.349595 0.058167 0.026118
0 0.718241 0.378565 0.064681 0.033023
0 0.728246 0.414140 0.078176 0.031522
0 0.714984 0.448214 0.049791 0.033023
0 0.721498 0.615131 0.064681 0.034824
0 0.727082 0.662864 0.067473 0.057640
0 0.726850 0.718853 0.070731 0.059742
0 0.731736 0.778595 0.068404 0.041129
0 0.528385 0.311168 0.090740 0.057941
0 0.510005 0.364455 0.072592 0.044431
0 0.506980 0.412639 0.066543 0.047733
0 0.523267 0.466076 0.073057 0.054938
0 0.531177 0.516361 0.073988 0.040228
0 0.533271 0.554488 0.070731 0.032423
0 0.536296 0.601471 0.064681 0.059742
0 0.561657 0.671270 0.105165 0.078655