0 0.881274 0.113227 0.075290 0.079942
0 0.873938 0.204506 0.086873 0.100872
0 0.866023 0.298837 0.097297 0.080814
0 0.863514 0.417878 0.119305 0.115407
0 0.859653 0.524564 0.135521 0.124128
0 0.856371 0.648110 0.092664 0.092151
0 0.869691 0.767733 0.122394 0.109884
0 0.761969 0.108721 0.083784 0.084302
0 0.755405 0.215552 0.106178 0.122965
0 0.755985 0.315262 0.077992 0.067733
0 0.755405 0.397965 0.085328 0.100000
0 0.756950 0.523692 0.085328 0.111919
0 0.760618 0.651163 0.081081 0.105233
0 0.758301 0.777180 0.094208 0.110756
0 0.770077 0.901890 0.126255 0.136337
0 0.652317 0.100291 0.100000 0.080814
0 0.650965 0.211773 0.129730 0.135174
0 0.649421 0.329651 0.091120 0.096512
0 0.650000 0.431831 0.130888 0.103198
0 0.653089 0.534884 0.119305 0.107558
0 0.655405 0.652907 0.117761 0.095349
0 0.665444 0.755378 0.106178 0.114244
0 0.643243 0.890988 0.138224 0.109884
0 0.550000 0.098837 0.089961 0.097674
0 0.545946 0.199419 0.092664 0.095349
0 0.547104 0.312064 0.110425 0.098547
0 0.536873 0.426744 0.122394 0.128488
0 0.536486 0.534593 0.088417 0.083140
0 0.538996 0.644767 0.108880 0.120930
0 0.559653 0.773983 0.117761 0.126453
0 0.459459 0.086919 0.111969 0.096512
0 0.447683 0.203924 0.103089 0.126453
0 0.442278 0.323692 0.101544 0.093314
0 0.437259 0.419622 0.085328 0.111919
0 0.435907 0.552762 0.091120 0.138663
0 0.445174 0.777616 0.107336 0.120930
0 0.446911 0.885174 0.086873 0.094186
0 0.346911 0.076453 0.101544 0.084302
0 0.346139 0.171221 0.088417 0.109884
0 0.348842 0.265116 0.085328 0.059884
0 0.347490 0.331541 0.082625 0.086337
0 0.346139 0.420203 0.100000 0.088663
0 0.338610 0.512791 0.126641 0.107558
0 0.343050 0.648547 0.106178 0.133140
0 0.346139 0.757413 0.085328 0.077616
0 0.344402 0.861483 0.091120 0.115407
0 0.237066 0.081395 0.100386 0.120930
0 0.259073 0.190262 0.126641 0.089826
0 0.245946 0.274273 0.094208 0.098547
0 0.245753 0.381250 0.088417 0.099709
0 0.232046 0.470058 0.092664 0.081977
0 0.222394 0.541134 0.091120 0.079942
0 0.225869 0.635756 0.125097 0.107558
0 0.242857 0.751744 0.094208 0.097674
0 0.243436 0.850145 0.086873 0.102035
0 0.153861 0.090407 0.072201 0.096512
0 0.141313 0.178052 0.091120 0.103198
0 0.120077 0.285465 0.107336 0.094186
0 0.138224 0.384012 0.108880 0.094186
0 0.111776 0.495930 0.132432 0.116279
0 0.117181 0.626308 0.083784 0.099709
0 0.133977 0.730523 0.111969 0.104070
0 0.138996 0.850436 0.110425 0.115407