0 1.710843 0.992331 0.057520 0.475460
0 1.616790 0.960123 0.083949 0.411043
0 1.532841 1.033742 0.068403 0.496933
0 1.456277 1.046012 0.081617 0.496933
0 1.363389 1.076687 0.066848 0.423313
0 1.289545 1.009202 0.082394 0.484663
0 1.200933 1.079755 0.104159 0.576687
0 1.109988 1.070552 0.079285 0.533742
0 1.026040 1.055215 0.085503 0.411043
0 0.921104 1.092025 0.094831 0.503067
0 0.821220 1.088957 0.090944 0.447853
0 0.715119 0.950920 0.105713 0.159509
0 0.714730 1.251534 0.101827 0.269939
0 0.614458 1.174847 0.062962 0.386503
0 0.526623 1.216258 0.111154 0.322086
0 0.421298 1.134969 0.066848 0.220859
0 0.424019 1.349693 0.061407 0.220859
0 0.333074 1.309816 0.090944 0.558282