0 1.911255 0.221106 0.064935 0.124910
0 1.909812 0.393396 0.073593 0.143575
0 1.911977 0.539842 0.088023 0.100503
0 1.897547 0.711414 0.053391 0.073223
0 1.910173 0.848528 0.078644 0.129218
0 1.902597 1.020818 0.051948 0.086145
0 1.904762 1.144293 0.069264 0.132089
0 1.899711 1.289304 0.064935 0.117732
0 1.902597 1.438622 0.079365 0.160804
0 1.897186 1.578607 0.065657 0.110553
0 1.785714 1.273510 0.041847 0.091888
0 1.782828 1.434314 0.064935 0.134961
0 1.782828 1.585786 0.076479 0.116296
0 1.776696 1.753051 0.062771 0.120603
0 1.120491 0.268485 0.079365 0.129218
0 1.125180 0.443288 0.059885 0.125628
0 1.132035 0.618808 0.075036 0.129218
0 1.139250 0.791098 0.082251 0.123475
0 1.149351 0.982771 0.070707 0.147882
0 0.873737 0.272075 0.076479 0.133525
0 0.871573 0.443647 0.069264 0.140704
0 0.853896 0.620962 0.069986 0.124910
0 0.852092 0.776382 0.077922 0.109835
0 0.840548 0.987796 0.076479 0.134961
0 0.186147 1.284279 0.092352 0.133525
0 0.212843 1.442929 0.105339 0.160804
0 0.207792 1.609835 0.072150 0.135678
0 0.197691 1.747667 0.080808 0.137114
0 0.140693 0.214645 0.073593 0.124910
0 0.129149 0.394831 0.079365 0.157933
0 0.125541 0.549174 0.098124 0.127782
0 0.124098 0.694903 0.072150 0.126346
0 0.112915 0.829864 0.069986 0.134961
0 0.102814 0.987796 0.064214 0.162240
0 0.107504 1.168701 0.059163 0.129218
0 0.090909 1.311199 0.095238 0.115578
0 0.100289 1.450467 0.090909 0.125628
0 0.086219 1.601220 0.074315 0.106963
0 0.082251 1.763819 0.090909 0.113424