0 0.852269 0.235818 0.078403 0.151279
0 0.852995 0.367075 0.079855 0.120133
0 0.852269 0.511680 0.087114 0.142380
0 0.855172 0.669633 0.078403 0.209121
0 0.764428 0.262514 0.088566 0.195773
0 0.768058 0.444939 0.075499 0.186874
0 0.763702 0.585095 0.066788 0.075640
0 0.768784 0.707453 0.071143 0.195773
0 0.686751 0.229143 0.066788 0.129032
0 0.686751 0.389321 0.066788 0.191324
0 0.686751 0.596218 0.066788 0.275862
0 0.614156 0.209121 0.063884 0.124583
0 0.607623 0.342603 0.065336 0.151279
0 0.611978 0.493882 0.079855 0.160178
0 0.614156 0.654060 0.072595 0.186874
0 0.537931 0.278087 0.071143 0.226919
0 0.540835 0.427141 0.085662 0.124583
0 0.529946 0.593993 0.069691 0.191324
0 0.452269 0.215795 0.076951 0.173526
0 0.454446 0.378198 0.081307 0.151279
0 0.454446 0.618465 0.075499 0.266963
0 0.363702 0.244716 0.079855 0.133482
0 0.362976 0.378198 0.087114 0.169077
0 0.370236 0.540601 0.081307 0.200222
0 0.366606 0.716352 0.068240 0.169077
0 0.277314 0.202447 0.087114 0.173526
0 0.274410 0.369299 0.072595 0.169077
0 0.283848 0.507230 0.094374 0.142380
0 0.270780 0.667408 0.085662 0.213571
0 0.195281 0.266963 0.071143 0.240267
0 0.192377 0.462736 0.068240 0.133482
0 0.190926 0.631813 0.068240 0.160178
0 0.118330 0.222469 0.079855 0.151279