0 0.827819 0.250000 0.091912 0.114525
0 0.832414 0.348696 0.094975 0.069832
0 0.840686 0.436685 0.111520 0.096834
0 0.844669 0.564711 0.103554 0.108939
0 0.721814 0.261173 0.112745 0.129423
0 0.728860 0.379888 0.102328 0.098696
0 0.732537 0.459032 0.094975 0.068901
0 0.742034 0.562849 0.099265 0.123836
0 0.617034 0.245810 0.104167 0.093110
0 0.626225 0.353818 0.091912 0.102421
0 0.628064 0.486965 0.095588 0.132216
0 0.635110 0.626164 0.074142 0.114525
0 0.524510 0.260708 0.093137 0.096834
0 0.519608 0.379888 0.093137 0.108007
0 0.525123 0.494879 0.068627 0.105214
0 0.534007 0.611732 0.097426 0.122905
0 0.408088 0.272346 0.083333 0.136872
0 0.406556 0.398510 0.075368 0.102421
0 0.416973 0.490223 0.103554 0.058659
0 0.414828 0.573557 0.102941 0.091248
0 0.295343 0.277933 0.096814 0.081006
0 0.299326 0.380819 0.085172 0.117318
0 0.306985 0.506983 0.088235 0.099628
0 0.320772 0.637337 0.109681 0.114525
0 0.192402 0.297952 0.105392 0.091248
0 0.200368 0.404097 0.104167 0.091248
0 0.199755 0.529330 0.123775 0.120112
0 0.199755 0.650372 0.120098 0.125698