0 1.439266 0.255085 0.415254 0.288070
0 1.451977 0.517867 0.350282 0.175921
0 1.516949 0.740517 0.389831 0.196811
0 1.497175 1.034634 0.514124 0.290269
0 1.519774 1.327103 0.519774 0.266080
0 1.597458 1.582188 0.460452 0.248488
0 0.912429 0.252886 0.401130 0.272677
0 0.960452 0.508521 0.389831 0.212205
0 0.983051 0.737768 0.440678 0.202309
0 1.019774 1.014843 0.401130 0.255085
0 1.031073 1.299615 0.389831 0.255085
0 1.055085 1.572292 0.460452 0.277075
0 0.436441 0.256185 0.364407 0.230896
0 0.460452 0.491479 0.361582 0.169324
0 0.511299 0.775151 0.435028 0.250687
0 0.477401 1.050027 0.446328 0.239692
0 0.522599 1.350192 0.474576 0.277075
0 0.521186 1.603079 0.330508 0.206707