0 1.604157 0.411531 0.117147 0.186879
0 1.583845 0.622266 0.112423 0.218688
0 1.555503 0.862823 0.106755 0.322068
0 1.533302 1.200795 0.122815 0.373757
0 1.468115 0.475149 0.124705 0.322068
0 1.416627 1.113320 0.112423 0.262425
0 1.413321 1.371769 0.158715 0.310139
0 1.333963 0.372763 0.119036 0.300199
0 1.327822 0.684891 0.112423 0.296223
0 1.250827 1.314115 0.120926 0.345924
0 1.194143 0.357853 0.156826 0.341948
0 1.159660 0.682903 0.108644 0.363817
0 1.134624 1.025845 0.122815 0.290258
0 1.119036 1.345924 0.140765 0.330020
0 1.036845 0.298211 0.140765 0.258449
0 1.048654 0.607356 0.137931 0.371769
0 1.025980 0.956262 0.117147 0.306163
0 1.008975 1.294235 0.117147 0.353877
0 0.899386 0.376740 0.126594 0.371769
0 0.904110 0.679920 0.130373 0.254473
0 0.892300 0.986083 0.144544 0.314115
0 0.871989 1.343936 0.160605 0.389662
0 0.749173 0.347913 0.134152 0.349901
0 0.734058 0.729622 0.130373 0.341948
0 0.748229 1.034791 0.154936 0.296223
0 0.730279 1.371769 0.153047 0.405567
0 0.613132 0.387674 0.149268 0.330020
0 0.613132 0.729622 0.128484 0.377734
0 0.589986 1.101392 0.138876 0.341948
0 0.592348 1.426441 0.134152 0.312127
0 0.453944 0.441352 0.170997 0.397614
0 0.472367 0.790258 0.175720 0.363817
0 0.458196 1.177932 0.137931 0.355865
0 0.471422 1.479125 0.137931 0.286282
0 0.293812 0.470179 0.126594 0.304175
0 0.306566 0.785288 0.138876 0.274354
0 0.304204 1.155070 0.158715 0.413519
0 0.338214 1.544732 0.128484 0.290258