0 1.688139 0.352391 0.190184 0.317757
0 1.696319 0.653106 0.210634 0.215503
0 1.680982 0.964266 0.224949 0.257284
0 1.662065 1.290269 0.215746 0.297966
0 1.635992 1.588785 0.186094 0.323255
0 1.403374 0.304013 0.152352 0.188015
0 1.388548 0.655305 0.218814 0.307861
0 1.386503 0.973062 0.200409 0.310060
0 1.365031 1.396372 0.222904 0.549753
0 1.069530 0.291369 0.220859 0.279274
0 1.070552 0.606927 0.241309 0.325454
0 1.076687 0.980759 0.247444 0.435404
0 1.060838 1.434854 0.256646 0.420011
0 0.724949 0.275976 0.182004 0.283672
0 0.735174 0.602529 0.239264 0.266080
0 0.738241 0.902694 0.145194 0.226498
0 0.763292 1.256185 0.236196 0.273777
0 0.726994 1.578889 0.312883 0.367235
0 0.376278 0.306762 0.243354 0.305662
0 0.401840 0.631666 0.243354 0.363936
0 0.420245 0.970863 0.198364 0.257284
0 0.438650 1.302914 0.206544 0.222100