0 1.655419 0.403175 0.239264 0.344974
0 1.673313 0.697354 0.174847 0.190476
0 1.672290 0.966138 0.213701 0.209524
0 1.343558 0.359788 0.128834 0.165079
0 1.355828 0.676190 0.224949 0.270899
0 1.364008 0.960317 0.177914 0.307937
0 1.369121 1.374074 0.220859 0.475132
0 0.978016 0.420106 0.256646 0.217989
0 1.021472 0.686772 0.284254 0.281481
0 1.042945 1.022751 0.257669 0.413757
0 1.051125 1.431217 0.265849 0.369312
0 0.685583 0.413757 0.152352 0.239153
0 0.711656 0.687831 0.200409 0.247619
0 0.716258 0.982011 0.113497 0.173545
0 0.770450 1.234921 0.213701 0.260317
0 0.733129 1.546032 0.243354 0.332275
0 0.370654 0.397354 0.236196 0.286772
0 0.386503 0.724868 0.253579 0.366138
0 0.443763 1.127513 0.210634 0.242328
0 0.438650 1.398413 0.198364 0.244444