0 1.486111 0.205152 0.208333 0.151756
0 1.503472 0.362529 0.194444 0.106792
0 1.526042 0.543326 0.239583 0.161124
0 1.512153 0.702576 0.218750 0.119906
0 1.526042 0.859016 0.177083 0.136768
0 1.546875 1.008899 0.114583 0.065574
0 1.564236 1.169087 0.190972 0.138642
0 1.590278 1.330211 0.236111 0.134895
0 1.602431 1.492272 0.225694 0.133021
0 1.618056 1.631850 0.236111 0.153630
0 1.246528 0.208899 0.208333 0.159251
0 1.269097 0.374707 0.197917 0.138642
0 1.265625 0.538642 0.177083 0.144262
0 1.256944 0.708197 0.239583 0.161124
0 1.288194 0.884309 0.208333 0.168618
0 1.312500 1.051054 0.229167 0.142389
0 1.321181 1.221546 0.281250 0.202342
0 1.348958 1.375176 0.170139 0.116159
0 1.362847 1.507260 0.170139 0.129274
0 1.378472 1.650585 0.187500 0.127400
0 1.003472 0.204215 0.194444 0.119906
0 1.017361 0.370023 0.173611 0.148009
0 1.031250 0.554567 0.222222 0.149883
0 1.010417 0.718501 0.225694 0.162998
0 1.046875 0.880562 0.232639 0.176112
0 1.076389 1.022951 0.190972 0.116159
0 1.090278 1.161593 0.222222 0.142389
0 1.098958 1.349883 0.197917 0.125527
0 1.126736 1.496956 0.225694 0.142389
0 1.126736 1.660890 0.204861 0.133021
0 0.769097 0.218267 0.225694 0.133021
0 0.777778 0.370960 0.180556 0.164871
0 0.802083 0.521780 0.190972 0.151756
0 0.793403 0.710070 0.197917 0.172365
0 0.814236 0.872131 0.177083 0.159251
0 0.840278 1.030445 0.173611 0.138642
0 0.855903 1.190632 0.190972 0.159251
0 0.857639 1.355504 0.163194 0.133021
0 0.878472 1.497892 0.208333 0.151756
0 0.894097 1.654333 0.190972 0.112412
0 0.517361 0.214520 0.194444 0.125527
0 0.512153 0.377518 0.274306 0.181733
0 0.545139 0.565808 0.236111 0.146136
0 0.548611 0.713817 0.229167 0.138642
0 0.572917 0.859953 0.204861 0.108665
0 0.590278 1.023888 0.232639 0.177986
0 0.635417 1.189696 0.204861 0.146136
0 0.638889 1.337705 0.256944 0.153630
0 0.644097 1.500703 0.225694 0.157377
0 0.656250 1.652459 0.166667 0.093677
0 0.267361 0.239813 0.277778 0.206089
0 0.279514 0.413115 0.128472 0.129274
0 0.303819 0.557377 0.170139 0.133021
0 0.307292 0.699766 0.246528 0.159251
0 0.340278 0.857143 0.173611 0.144262
0 0.359375 1.011710 0.190972 0.138642
0 0.392361 1.190632 0.215278 0.192974
0 0.371528 1.346136 0.225694 0.136768
0 0.401042 1.501639 0.225694 0.151756
0 0.425347 1.655269 0.170139 0.121780