0 0.833484 0.853366 0.041629 0.028088
0 0.838914 0.890541 0.052489 0.033044
0 0.838009 0.953325 0.047059 0.036349
0 0.838914 1.000000 0.085068 0.047088
0 0.848869 1.059067 0.083258 0.062784
0 0.850679 1.117720 0.079638 0.051219
0 0.854299 1.167699 0.079638 0.045436
0 0.855204 1.210244 0.074208 0.038001
0 0.861538 1.258984 0.079638 0.052871
0 0.858824 1.306485 0.074208 0.042131
0 0.760181 0.852953 0.068778 0.023957
0 0.757466 0.904585 0.066968 0.054523
0 0.763801 0.954977 0.065158 0.046262
0 0.752941 1.009500 0.072398 0.056175
0 0.751131 1.082197 0.090498 0.049566
0 0.749321 1.139199 0.079638 0.046262
0 0.747511 1.187113 0.072398 0.052871
0 0.741176 1.248245 0.085068 0.054523
0 0.740271 1.307724 0.090498 0.057827