0 0.618225 0.186387 0.232522 0.104739
0 0.636292 0.289164 0.210526 0.075460
0 0.649254 0.389979 0.214454 0.097797
0 0.674784 0.491096 0.243519 0.102022
0 0.683818 0.598853 0.269442 0.093571
0 0.687745 0.701781 0.269442 0.114700
0 0.716418 0.806822 0.210526 0.088138
0 0.371170 0.182916 0.203456 0.120133
0 0.396308 0.296861 0.225452 0.090854
0 0.394737 0.394657 0.192459 0.090854
0 0.412412 0.509508 0.221524 0.118925
0 0.410448 0.624660 0.261587 0.103532
0 0.392380 0.732871 0.319717 0.107455
0 0.418696 0.832780 0.240377 0.089345