0 0.292632 0.317031 0.292632 0.270426
0 0.316842 0.596087 0.216842 0.239356
0 0.289474 0.903913 0.233684 0.270426
0 0.328421 1.239356 0.273684 0.354430
0 0.320000 1.598389 0.210526 0.237054
0 0.727368 0.344074 0.216842 0.227848
0 0.803684 0.647871 0.348421 0.368239
0 0.745263 1.069045 0.381053 0.405063
0 0.751579 1.432681 0.298947 0.313003
0 1.121053 0.456847 0.332632 0.522440
0 1.104211 1.018987 0.280000 0.502877
0 1.102105 1.482163 0.271579 0.418872
0 1.443158 0.319908 0.195789 0.283084
0 1.461053 0.569620 0.233684 0.241657
0 1.484737 0.907940 0.251579 0.432681
0 1.492632 1.257192 0.214737 0.270426
0 1.508947 1.626007 0.268421 0.418872
0 1.671579 0.334868 0.216842 0.345224
0 1.740000 0.754315 0.271579 0.447641
0 1.728421 1.170886 0.185263 0.272727
0 1.736842 1.506904 0.193684 0.265823