0 0.687079 0.133352 0.206742 0.127432
0 0.702809 0.272625 0.195506 0.119538
0 0.697472 0.419087 0.203933 0.139555
0 0.699438 0.541162 0.164045 0.076966
0 0.685112 0.665351 0.200562 0.104877
0 0.703933 0.785875 0.189888 0.123767
0 0.488483 0.132365 0.167978 0.108542
0 0.496910 0.279250 0.203933 0.101212
0 0.494101 0.420073 0.215169 0.160135
0 0.520787 0.561460 0.176404 0.133352
0 0.512360 0.699464 0.174157 0.127995
0 0.314326 0.146039 0.200562 0.104314
0 0.297191 0.319143 0.195506 0.129123
0 0.292135 0.445870 0.176404 0.107415
0 0.339888 0.560051 0.162921 0.109670
0 0.314326 0.690866 0.215169 0.124330
0 0.330618 0.796448 0.134270 0.095292