0 1.201870 0.514296 0.168317 0.122036
0 1.211221 0.657252 0.123212 0.106695
0 1.214521 0.786960 0.123212 0.095537
0 1.215622 0.901325 0.132013 0.069038
0 1.232123 1.036960 0.127613 0.101813
0 1.231023 1.171548 0.147415 0.105997
0 1.234873 1.281032 0.130913 0.085077
0 1.247525 1.399582 0.167217 0.110181
0 1.253025 1.506276 0.134213 0.096234
0 1.260726 1.622036 0.136414 0.103208
0 1.022002 0.514644 0.116612 0.100418
0 1.031903 0.659693 0.105611 0.092050
0 1.035754 0.800209 0.128713 0.082985
0 1.028053 0.915969 0.108911 0.108089
0 1.050605 1.040795 0.134213 0.095537
0 1.046755 1.165272 0.150715 0.114365
0 1.053905 1.286611 0.114411 0.096234
0 1.058306 1.400976 0.134213 0.085077
0 1.052805 1.516736 0.143014 0.105997
0 1.056106 1.632845 0.121012 0.094142
0 0.843234 0.512552 0.128713 0.110181
0 0.856986 0.669107 0.134213 0.122036
0 0.855886 0.805439 0.145215 0.099024
0 0.852585 0.921897 0.138614 0.100418
0 0.856986 1.047071 0.125413 0.094142
0 0.834433 1.175732 0.172717 0.111576
0 0.848735 1.284868 0.108911 0.081590
0 0.854785 1.399233 0.125413 0.095537
0 0.866887 1.515342 0.145215 0.110181
0 0.872387 1.639470 0.158416 0.118550
0 0.661166 0.516039 0.165017 0.103208
0 0.653465 0.662134 0.132013 0.108089
0 0.643564 0.784519 0.217822 0.114365
0 0.660066 0.915272 0.154015 0.119247
0 0.678768 1.055788 0.187019 0.124128
0 0.668867 1.174338 0.140814 0.086471
0 0.682068 1.297768 0.167217 0.093445
0 0.680968 1.402371 0.134213 0.096234
0 0.687569 1.520572 0.118812 0.109484
0 0.685369 1.639121 0.134213 0.106695
0 0.473047 0.537657 0.184818 0.140865
0 0.468097 0.668759 0.111111 0.096234
0 0.468097 0.794282 0.108911 0.105997
0 0.471397 0.921897 0.150715 0.100418
0 0.462046 1.062064 0.138614 0.087866
0 0.460946 1.177476 0.116612 0.082985
0 0.488999 1.291144 0.111111 0.106695
0 0.493949 1.418410 0.138614 0.105997
0 0.491749 1.539749 0.156216 0.117155
0 0.502750 1.655160 0.145215 0.108089
0 0.266227 0.544630 0.198020 0.124128
0 0.267327 0.681311 0.158416 0.101813
0 0.267327 0.803347 0.154015 0.114365
0 0.260726 0.926430 0.156216 0.109484
0 0.283278 1.059275 0.150715 0.112971
0 0.317382 1.184798 0.170517 0.112971
0 0.310231 1.299163 0.156216 0.079498
0 0.311331 1.414226 0.123212 0.092050
0 0.304730 1.525105 0.182618 0.104603