0 0.764757 0.093679 0.236704 0.136791
0 0.782583 0.235332 0.194039 0.106969
0 0.829924 0.380227 0.177674 0.139384
0 0.837230 0.515721 0.179427 0.134846
0 0.849503 0.668720 0.233197 0.143922
0 0.808884 0.810373 0.201052 0.088817
0 0.810637 0.921070 0.201052 0.094976
0 0.503507 0.099676 0.256575 0.135818
0 0.526300 0.259643 0.220339 0.095948
0 0.561660 0.382010 0.185856 0.085251
0 0.553477 0.488169 0.176505 0.103079
0 0.564290 0.655105 0.220339 0.169206
0 0.541496 0.833063 0.233197 0.097893
0 0.548802 0.918801 0.189363 0.065154
0 0.122151 0.170665 0.172998 0.093031
0 0.129749 0.306159 0.210403 0.126742
0 0.178843 0.467261 0.313267 0.133874