0 0.817368 0.222881 0.177660 0.326345
0 0.842725 0.482680 0.085184 0.180492
0 0.840736 0.698724 0.144846 0.258888
0 0.683129 0.152689 0.122638 0.161349
0 0.684289 0.363947 0.134902 0.203737
0 0.545244 0.144941 0.110043 0.174111
0 0.535134 0.412716 0.129599 0.315861
0 0.404541 0.243391 0.142194 0.328168
0 0.405038 0.520283 0.106066 0.182771
0 0.404044 0.730173 0.124627 0.246126
0 0.274113 0.231996 0.130593 0.299909
0 0.240305 0.777119 0.106066 0.161349
0 0.152304 0.192343 0.088499 0.237922
0 0.129765 0.458751 0.109049 0.229262