0 0.870175 0.653318 0.140351 0.124068
0 0.855556 0.809580 0.162573 0.164900
0 0.804678 1.295642 0.182456 0.223007
0 0.785965 1.516294 0.217544 0.215155
0 0.671930 0.705143 0.183626 0.260699
0 0.659649 0.886533 0.149708 0.098940
0 0.637427 1.066353 0.152047 0.255987
0 0.622222 1.320770 0.142690 0.226148
0 0.601170 1.521005 0.145029 0.168041
0 0.495906 0.642324 0.168421 0.138202
0 0.480702 0.797016 0.175439 0.171182
0 0.472515 0.976050 0.182456 0.177464
0 0.463743 1.144091 0.164912 0.144484
0 0.456140 1.312917 0.149708 0.139772
0 0.430409 1.513938 0.205848 0.226148
0 0.304678 0.628975 0.225731 0.142913
0 0.276023 0.815077 0.261988 0.229289
0 0.278947 1.128779 0.232749 0.366706
0 0.245029 1.544562 0.097076 0.114645