0 0.432028 0.172224 0.200461 0.036643
0 0.437788 0.213265 0.248848 0.046904
0 0.445853 0.257237 0.218894 0.030781
0 0.450461 0.296812 0.214286 0.045438
0 0.442396 0.332723 0.211982 0.020520
0 0.447005 0.363503 0.239631 0.038109
0 0.433180 0.408208 0.276498 0.048369
0 0.429724 0.443019 0.214286 0.021253
0 0.452765 0.489923 0.232719 0.072554
0 0.442396 0.551484 0.221198 0.053499
0 0.451613 0.607549 0.221198 0.054232
0 0.453917 0.655918 0.267281 0.042506
0 0.452765 0.697325 0.260369 0.043239
0 0.456221 0.745328 0.221198 0.051301
0 0.440092 0.792232 0.235023 0.039575
0 0.437788 0.832539 0.221198 0.041041
0 0.457373 0.880176 0.251152 0.051301
0 0.463134 0.926347 0.262673 0.043972
0 0.467742 0.971785 0.239631 0.049835
0 0.463134 1.012092 0.244240 0.036643
0 0.467742 1.052034 0.253456 0.044705
0 0.468894 1.092708 0.292627 0.045438
0 0.470046 1.138879 0.267281 0.048369
0 0.449309 1.178454 0.271889 0.038109
0 0.449309 1.243679 0.281106 0.030781
0 0.452765 1.275559 0.292627 0.028582
0 0.449309 1.316966 0.239631 0.057164
0 0.447005 1.370099 0.239631 0.049102
0 0.460829 1.418835 0.285714 0.049835
0 0.456221 1.457677 0.253456 0.033712
0 0.456221 1.497985 0.267281 0.049835
0 0.447005 1.547453 0.239631 0.053499
0 0.449309 1.592525 0.258065 0.035178
0 0.453917 1.633932 0.262673 0.043239
0 0.456221 1.668743 0.294931 0.027849
0 0.458525 1.692195 0.304147 0.021986
0 0.456221 1.725174 0.267281 0.046904
0 0.444700 1.855625 0.225806 0.070355
0 0.453917 1.905460 0.235023 0.029315