0 1.528727 0.140650 0.336957 0.141463
0 1.540373 0.352033 0.341615 0.213008
0 1.550466 0.542683 0.274845 0.176423
0 1.548137 0.750407 0.313665 0.234146
0 1.531056 0.962602 0.260870 0.195122
0 1.538820 1.558537 0.394410 0.313821
0 1.170807 0.142276 0.279503 0.164228
0 1.190994 0.233333 0.173913 0.055285
0 1.200311 0.821951 0.158385 0.108943
0 1.201863 0.947154 0.422360 0.200000
0 1.180124 1.145528 0.279503 0.180488
0 1.157609 1.369919 0.389752 0.299187
0 1.180901 1.569919 0.190994 0.183740
0 0.802795 0.143902 0.251553 0.147967
0 0.810559 0.338211 0.291925 0.260163
0 0.830745 0.615447 0.350932 0.265041
0 0.906056 0.849593 0.482919 0.229268
0 0.826087 1.060163 0.322981 0.217886
0 0.801242 1.269106 0.291925 0.203252
0 0.849379 1.433333 0.251553 0.167480
0 0.850932 1.561382 0.273292 0.143902
0 0.542702 0.473171 0.305901 0.245528
0 0.506211 0.673171 0.322981 0.200000
0 0.500776 0.894309 0.346273 0.299187
0 0.483696 1.098374 0.327640 0.183740
0 0.540373 1.292683 0.363354 0.265041
0 0.551242 1.525203 0.350932 0.234146