0 1.600418 0.191434 0.218968 0.201238
0 1.624826 0.437564 0.186890 0.212590
0 1.638075 0.641899 0.274756 0.181631
0 1.670851 0.825077 0.200837 0.197110
0 1.659693 1.093911 0.301255 0.284830
0 1.658996 1.420021 0.380753 0.363261
0 1.299861 0.210526 0.337517 0.231166
0 1.315202 0.468008 0.304045 0.263158
0 1.248954 0.751290 0.311018 0.270382
0 1.263598 0.995872 0.306834 0.191950
0 1.244073 1.161507 0.228731 0.164087
0 1.282427 1.417957 0.266388 0.231166
0 1.315202 1.667699 0.284519 0.187822
0 0.975593 0.229102 0.322176 0.251806
0 0.972106 0.454592 0.206416 0.180599
0 0.963738 0.686791 0.234310 0.246646
0 0.954672 0.966976 0.232915 0.216718
0 0.958159 1.199174 0.273361 0.235294
0 0.976290 1.525284 0.329149 0.346749
0 0.655509 0.302374 0.312413 0.278638
0 0.672245 0.579979 0.287308 0.251806
0 0.673640 0.840041 0.245467 0.239422
0 0.665272 1.051600 0.259414 0.200206
0 0.676430 1.277606 0.298466 0.235294
0 0.680614 1.498452 0.256625 0.167183
0 0.677127 1.700206 0.232915 0.188854
0 0.350070 0.285862 0.276151 0.241486
0 0.345188 0.553664 0.299861 0.190918
0 0.355649 0.745098 0.267782 0.185759
0 0.359135 0.963880 0.244073 0.243550
0 0.355649 1.228070 0.276151 0.243550
0 0.364017 1.499484 0.259414 0.233230