0 0.679671 1.349235 0.069815 0.037804
0 0.679671 1.385239 0.069815 0.037804
0 0.685832 1.430243 0.086242 0.052205
0 0.681725 1.479748 0.086242 0.052205
0 0.679671 1.575608 0.069815 0.045905
0 0.682752 1.619262 0.075975 0.041404
0 0.673511 1.659766 0.078029 0.045005
0 0.669405 1.705221 0.094456 0.049505
0 0.668378 1.756526 0.088296 0.045905
0 0.548255 1.346085 0.094456 0.045905
0 0.556468 1.393339 0.102669 0.039604
0 0.554415 1.447795 0.082136 0.062106
0 0.554415 1.502250 0.090349 0.045005
0 0.554415 1.557156 0.098563 0.057606
0 0.552361 1.606211 0.098563 0.044104
0 0.548255 1.681368 0.094456 0.054005
0 0.556468 1.747075 0.102669 0.066607