0 0.808523 0.130897 0.160227 0.154665
0 0.811932 0.307024 0.122727 0.116708
0 0.836648 0.444661 0.182386 0.119546
0 0.847727 0.737318 0.113636 0.111742
0 0.857670 0.892160 0.140341 0.128414
0 0.580682 0.100213 0.205682 0.122384
0 0.596591 0.236077 0.152273 0.108904
0 0.600000 0.390387 0.160227 0.098262
0 0.579261 0.531749 0.208523 0.157503
0 0.595455 0.712309 0.176136 0.157503
0 0.617045 0.874424 0.152273 0.117772
0 0.374148 0.101100 0.166477 0.141894
0 0.383807 0.245477 0.153977 0.109968
0 0.380682 0.379390 0.176136 0.125222
0 0.382386 0.524122 0.160227 0.133026
0 0.379830 0.697765 0.161932 0.118482
0 0.392614 0.884001 0.172727 0.146861
0 0.139489 0.103583 0.166477 0.146861
0 0.156534 0.259844 0.166477 0.125222
0 0.129830 0.396062 0.178977 0.127350
0 0.130114 0.542214 0.151136 0.143668
0 0.155114 0.697410 0.147727 0.115644
0 0.169034 0.860057 0.166477 0.122384