0 0.780996 0.055675 0.157520 0.093293
0 0.786077 0.145099 0.183943 0.090714
0 0.795732 0.237102 0.154472 0.095013
0 0.796748 0.323087 0.162602 0.094153
0 0.780996 0.403052 0.194106 0.094153
0 0.796748 0.489037 0.162602 0.082115
0 0.812500 0.567068 0.147358 0.072227
0 0.827236 0.640155 0.180894 0.080825
0 0.819614 0.731083 0.214431 0.101032
0 0.844004 0.821367 0.183943 0.079536
0 0.859756 0.903482 0.235772 0.082115
0 0.860772 0.966681 0.144309 0.062339
0 0.634654 0.066423 0.147358 0.113070
0 0.632622 0.167885 0.159553 0.089854
0 0.635163 0.247635 0.154472 0.076526
0 0.629065 0.331470 0.182927 0.106621
0 0.629065 0.420249 0.136179 0.066638
0 0.631098 0.487747 0.172764 0.082115
0 0.634146 0.572012 0.152439 0.097592
0 0.639736 0.652623 0.141260 0.072227
0 0.635163 0.736672 0.164634 0.085555
0 0.642276 0.822442 0.172764 0.088564
0 0.626016 0.903052 0.239837 0.089854
0 0.629065 0.967111 0.219512 0.063199
0 0.476118 0.042777 0.149390 0.085555
0 0.449187 0.139510 0.191057 0.097592
0 0.443598 0.228504 0.196138 0.084695
0 0.430894 0.309759 0.191057 0.085555
0 0.403963 0.392949 0.204268 0.087704
0 0.411585 0.478934 0.235772 0.092863
0 0.396341 0.561049 0.152439 0.088564
0 0.373984 0.644454 0.233740 0.096303
0 0.375000 0.737747 0.209350 0.098882
0 0.359248 0.819862 0.194106 0.065348
0 0.347561 0.898538 0.180894 0.073947
0 0.365854 0.962812 0.184959 0.071797
0 0.288618 0.046002 0.172764 0.092003
0 0.264736 0.131986 0.177846 0.091144
0 0.237805 0.223345 0.207317 0.098452
0 0.222561 0.307610 0.193089 0.089854
0 0.206809 0.387575 0.157520 0.078676
0 0.190041 0.468401 0.164634 0.081255
0 0.174289 0.537833 0.179878 0.071367
0 0.157012 0.633276 0.230691 0.110920
0 0.147866 0.732373 0.196138 0.105331
0 0.138720 0.821367 0.183943 0.082115
0 0.121443 0.910361 0.212398 0.097592