0 0.660961 0.381324 0.081633 0.039118
0 0.661290 0.413382 0.096774 0.033235
0 0.676103 0.454706 0.085583 0.062353
0 0.672482 0.515294 0.100724 0.072353
0 0.680382 0.579118 0.109941 0.061176
0 0.683015 0.638529 0.119157 0.064118
0 0.682686 0.697059 0.121132 0.070588
0 0.575379 0.388676 0.085583 0.055000
0 0.575379 0.431765 0.081633 0.036471
0 0.580316 0.477941 0.105991 0.054118
0 0.563529 0.531324 0.102699 0.057353
0 0.553325 0.587353 0.141540 0.066471
0 0.555629 0.660588 0.117182 0.068235
0 0.668532 0.327059 0.141540 0.058235