0 1.378425 0.266064 0.277397 0.255020
0 1.375000 0.554217 0.297945 0.269076
0 1.402397 0.816265 0.287671 0.255020
0 1.414384 1.105422 0.246575 0.224900
0 1.432363 1.405622 0.268836 0.287149
0 1.460616 1.722892 0.253425 0.257028
0 1.066781 0.267068 0.273973 0.222892
0 1.058219 0.524096 0.304795 0.253012
0 1.056507 0.798695 0.301370 0.260040
0 1.088185 1.086345 0.292808 0.281124
0 1.101027 1.409137 0.339041 0.336345
0 1.099315 1.721888 0.325342 0.267068
0 0.595890 0.259036 0.287671 0.240964
0 0.626712 0.526104 0.280822 0.273092
0 0.611301 0.820281 0.332192 0.295181
0 0.619007 1.115964 0.320205 0.260040
0 0.629281 1.397590 0.292808 0.240964
0 0.625856 1.734940 0.292808 0.273092