0 0.754683 0.206787 0.105071 0.119886
0 0.763362 0.304948 0.124258 0.073898
0 0.764504 0.390105 0.106441 0.080558
0 0.770672 0.487472 0.100503 0.113543
0 0.780493 0.611005 0.104614 0.109420
0 0.801508 0.715509 0.130196 0.091342
0 0.795797 0.813194 0.098675 0.090073
0 0.620146 0.192515 0.118319 0.098319
0 0.621060 0.289248 0.096391 0.078021
0 0.642988 0.382176 0.096391 0.088804
0 0.641846 0.482873 0.102330 0.091024
0 0.681133 0.773866 0.086798 0.068506
0 0.692325 0.842055 0.096391 0.071043
0 0.507766 0.350460 0.121974 0.170631
0 0.530608 0.619093 0.092736 0.090073
0 0.523755 0.703457 0.094564 0.078021
0 0.535404 0.815572 0.126085 0.118934
0 0.371174 0.222169 0.108269 0.129718
0 0.384651 0.343958 0.104157 0.091659
0 0.383965 0.431970 0.121974 0.079290
0 0.399497 0.564542 0.110096 0.150333
0 0.399954 0.690295 0.118319 0.082144
0 0.405436 0.777831 0.094564 0.073898
0 0.262220 0.261021 0.098675 0.142087
0 0.257880 0.394386 0.086341 0.135427
0 0.156693 0.250872 0.100503 0.105297