0 0.805666 0.159775 0.156425 0.132319
0 0.790503 0.306649 0.132482 0.123718
0 0.784717 0.475025 0.129689 0.201125
0 0.771748 0.808138 0.130886 0.143566
0 0.608939 0.191697 0.146049 0.183592
0 0.614525 0.351141 0.120511 0.128680
0 0.597167 0.490407 0.136872 0.149851
0 0.582602 0.640920 0.159617 0.128680
0 0.586393 0.798379 0.167199 0.173669
0 0.418795 0.177307 0.153631 0.189878
0 0.429170 0.347502 0.111333 0.161098
0 0.409816 0.511578 0.159617 0.159775
0 0.419792 0.663414 0.158021 0.158452
0 0.417199 0.817565 0.138468 0.127357
0 0.243815 0.207410 0.159617 0.189878
0 0.229649 0.386371 0.155227 0.153490
0 0.243815 0.834932 0.144453 0.144889