0 0.732854 0.075333 0.140487 0.036148
0 0.735066 0.113216 0.184735 0.048872
0 0.737832 0.172932 0.170354 0.069404
0 0.735066 0.241180 0.182522 0.068826
0 0.716261 0.306680 0.206858 0.058704
0 0.710730 0.368855 0.206858 0.066802
0 0.702987 0.434644 0.189159 0.069404
0 0.710177 0.507230 0.219027 0.080972
0 0.705752 0.569693 0.214602 0.050318
0 0.692478 0.622470 0.192478 0.055234
0 0.692478 0.685656 0.236726 0.069404
0 0.676991 0.765616 0.196903 0.076634
0 0.682522 0.863360 0.254425 0.087623
0 0.559181 0.079092 0.189159 0.070850
0 0.547566 0.135049 0.219027 0.056680
0 0.531527 0.192163 0.226770 0.065645
0 0.523783 0.243204 0.231195 0.051475
0 0.529867 0.293811 0.219027 0.057259
0 0.511062 0.355986 0.216814 0.078658
0 0.510509 0.424957 0.202434 0.071429
0 0.501659 0.495228 0.211283 0.065067
0 0.494469 0.560295 0.216814 0.066223
0 0.511615 0.619289 0.206858 0.071429
0 0.478429 0.690428 0.224558 0.071429
0 0.465708 0.750289 0.241150 0.061018
0 0.456305 0.805234 0.228982 0.064488
0 0.430863 0.879555 0.242257 0.066802
0 0.337942 0.091671 0.246681 0.068826
0 0.313606 0.154714 0.253319 0.063621
0 0.300332 0.221660 0.251106 0.077791
0 0.274889 0.296270 0.228982 0.064488
0 0.278208 0.347744 0.202434 0.048872
0 0.280420 0.406738 0.246681 0.083574
0 0.285951 0.490168 0.251106 0.074031
0 0.271571 0.554800 0.253319 0.070850
0 0.286504 0.626807 0.219027 0.069693
0 0.279314 0.682186 0.226770 0.052053
0 0.268805 0.729757 0.216814 0.052921
0 0.237832 0.798728 0.214602 0.097744
0 0.233407 0.890544 0.170354 0.059861