0 1.213958 0.656655 0.166072 0.166553
0 1.203260 0.798976 0.112073 0.101706
0 1.196128 0.933106 0.107998 0.136519
0 1.193072 1.071672 0.091696 0.122867
0 1.192053 1.195904 0.105960 0.133788
0 1.195110 1.352218 0.112073 0.170648
0 1.205298 1.501706 0.160978 0.122867
0 1.053490 0.638567 0.171167 0.130375
0 1.045339 0.793174 0.163016 0.128328
0 1.020886 0.944027 0.142639 0.126962
0 1.050433 1.064164 0.148752 0.107850
0 1.055527 1.214334 0.142639 0.132423
0 1.041773 1.349147 0.137545 0.139932
0 1.042282 1.503754 0.177280 0.154266
0 0.877229 0.645051 0.156903 0.140614
0 0.869078 0.793174 0.107998 0.128328
0 0.863474 0.931058 0.117168 0.136519
0 0.872644 1.081911 0.137545 0.146075
0 0.863984 1.210239 0.097809 0.107850
0 0.852267 1.333106 0.102904 0.126962
0 0.862455 1.481229 0.151808 0.128328
0 0.702496 0.652901 0.180336 0.159044
0 0.710138 0.791809 0.128375 0.114676
0 0.690779 0.942662 0.154865 0.124232
0 0.697911 1.071331 0.169129 0.130375
0 0.701477 1.199317 0.131431 0.109215
0 0.695874 1.345392 0.126337 0.113311
0 0.703006 1.487031 0.142639 0.097611
0 0.519613 0.659044 0.199694 0.163140
0 0.529801 0.787031 0.171167 0.105119
0 0.519613 0.929010 0.140601 0.109215
0 0.517575 1.058020 0.114111 0.114676
0 0.537443 1.208191 0.166072 0.133788
0 0.550178 1.344027 0.154865 0.126962
0 0.542028 1.489420 0.105960 0.113311
0 0.358635 0.645051 0.093734 0.124232
0 0.364238 0.786348 0.137545 0.114676
0 0.367804 0.931058 0.140601 0.147440
0 0.363220 1.052560 0.131431 0.092833
0 0.357616 1.190444 0.107998 0.103754
0 0.354559 1.320137 0.211921 0.132423
0 0.367804 1.426621 0.140601 0.080546
0 0.386144 1.509215 0.148752 0.088737