0 1.191939 0.987248 0.226488 0.176408
0 1.224568 1.281615 0.249520 0.119022
0 1.238964 1.419766 0.182342 0.136026
0 1.240883 1.520723 0.224568 0.076514
0 1.247601 1.651435 0.226488 0.161530
0 0.991363 0.988310 0.201536 0.174283
0 1.008637 1.137088 0.205374 0.116897
0 1.005758 1.265143 0.211132 0.124336
0 1.014395 1.561105 0.201536 0.170032
0 0.799424 0.984060 0.201536 0.170032
0 0.784069 1.136557 0.201536 0.122210
0 0.779271 1.273645 0.238004 0.166844
0 0.775432 1.437832 0.268714 0.146652
0 0.581574 0.972370 0.226488 0.197662
0 0.541267 1.144527 0.238004 0.131775
0 0.512476 1.315622 0.272553 0.197662