0 1.297789 0.158113 0.140442 0.106415
0 1.343953 0.283774 0.149545 0.122264
0 1.362809 0.415849 0.192458 0.113208
0 1.418726 0.552075 0.208062 0.107925
0 1.433030 0.688679 0.163849 0.106415
0 1.440832 0.815849 0.161248 0.092075
0 1.453836 0.940377 0.176853 0.113208
0 1.443433 1.094340 0.135241 0.099623
0 1.436931 1.240377 0.166450 0.107925
0 1.456437 1.443019 0.192458 0.117736
0 1.433030 1.574717 0.169051 0.124528
0 1.395319 1.702642 0.174252 0.147925
0 1.358908 1.861887 0.163849 0.131321
0 1.108583 0.172453 0.183355 0.126038
0 1.143043 0.291321 0.169051 0.134340
0 1.163849 0.427170 0.174252 0.117736
0 1.189207 0.594717 0.149545 0.132830
0 1.188557 0.738491 0.161248 0.088302
0 1.210663 0.857736 0.163849 0.104906
0 1.227568 1.003396 0.176853 0.127547
0 1.218466 1.133585 0.158648 0.101132
0 1.241222 1.268679 0.185956 0.117736
0 1.218466 1.404906 0.158648 0.124528
0 1.213264 1.556604 0.158648 0.088302
0 1.226918 1.683774 0.180754 0.137358
0 0.998700 0.582642 0.163849 0.117736
0 1.016905 0.781887 0.161248 0.096604
0 1.024707 0.961509 0.192458 0.096604
0 1.027308 1.139245 0.192458 0.144151
0 1.028609 1.292075 0.169051 0.102642
0 1.021456 1.438491 0.185956 0.120755
0 0.777633 0.203019 0.195059 0.117736
0 0.788036 0.331321 0.195059 0.122264
0 0.793238 0.470943 0.192458 0.129811
0 0.797139 0.607547 0.161248 0.101132
0 0.814044 0.754717 0.176853 0.138868
0 0.810143 0.919245 0.200260 0.132830
0 0.834850 1.071698 0.169051 0.120755
0 0.820546 1.212453 0.169051 0.126038
0 0.829649 1.344906 0.176853 0.102642
0 0.821847 1.499623 0.176853 0.131321
0 0.806242 1.637736 0.202861 0.111698
0 0.594278 0.612075 0.161248 0.131321
0 0.600130 0.901132 0.185956 0.116226
0 0.620286 1.046792 0.140442 0.102642
0 0.639792 1.185283 0.161248 0.104906
0 0.626788 1.316226 0.158648 0.117736
0 0.606632 1.476604 0.146944 0.127547
0 0.612484 1.619623 0.163849 0.132830
0 0.421326 0.596226 0.197659 0.138868
0 0.407022 0.758868 0.163849 0.106415
0 0.443433 1.040755 0.192458 0.113208
0 0.456437 1.172075 0.189857 0.120755
0 0.440832 1.298113 0.158648 0.101132
0 0.430429 1.464151 0.166450 0.132830
0 0.457087 1.609811 0.185956 0.138868
0 0.230169 0.815849 0.210663 0.149434