0 1.793415 0.088608 0.227243 0.177215
0 1.570045 0.106504 0.188509 0.160629
0 1.385410 0.097337 0.198838 0.173723
0 1.192382 0.109123 0.179471 0.171104
0 1.004519 0.108250 0.204003 0.190310
0 0.869593 0.119598 0.096837 0.141423
0 0.747579 0.125273 0.154939 0.177215
0 0.606843 0.143169 0.154939 0.167612
0 0.463525 0.134439 0.131698 0.111742
0 0.322789 0.159319 0.149774 0.147534
0 0.630730 0.316456 0.125242 0.107377
0 0.633957 0.459188 0.170433 0.157137
0 0.615881 0.616325 0.136862 0.157137
0 0.633957 0.725447 0.111039 0.092536
0 0.654616 0.861196 0.154939 0.147534
0 0.659135 1.027062 0.145901 0.203405
0 0.675274 1.179834 0.105875 0.095155
0 0.670110 1.275426 0.105875 0.089044
0 0.465462 0.326495 0.145901 0.115234
0 0.480955 0.444347 0.145901 0.115234
0 0.477728 0.563946 0.111039 0.111742
0 0.482892 0.694020 0.160103 0.127455
0 0.497095 0.798778 0.121369 0.089044
0 0.498386 0.923614 0.160103 0.153645
0 0.511298 1.074640 0.160103 0.141423
0 0.504842 1.228285 0.165268 0.127455
0 0.316333 0.329987 0.136862 0.134439
0 0.325371 0.459188 0.136862 0.111742
0 0.340219 0.586643 0.184635 0.115234
0 0.344739 0.707115 0.126533 0.101266
0 0.340219 0.838498 0.145901 0.147534
0 0.357650 0.958097 0.121369 0.079441
0 0.344739 1.069402 0.175597 0.137931
0 0.355068 1.178525 0.116204 0.092536
0 0.346675 1.285028 0.169141 0.101266