0 0.125971 0.206398 0.065574 0.090815
0 0.053494 0.202270 0.070175 0.077055
0 0.132873 0.125215 0.070175 0.082559
0 0.062698 0.105951 0.074777 0.082559
0 0.652862 0.550396 0.072476 0.077055
0 0.656888 0.617819 0.071326 0.068799
0 0.664941 0.703818 0.069025 0.105951
0 0.664366 0.762298 0.063273 0.027520
0 0.576359 0.553148 0.057521 0.066047
0 0.579235 0.616443 0.058671 0.068799
0 0.584987 0.691434 0.056370 0.056416
0 0.584412 0.733402 0.055220 0.030272
0 0.586137 0.782938 0.063273 0.068799
0 0.526316 0.553836 0.067875 0.067423
0 0.527466 0.629515 0.056370 0.089439
0 0.525741 0.695562 0.052919 0.045408
0 0.524590 0.734778 0.041415 0.041280
0 0.532643 0.768490 0.043716 0.042656
0 0.522289 0.809082 0.064423 0.049536
0 0.471671 0.560028 0.062123 0.077055
0 0.471096 0.626763 0.058671 0.072927
0 0.463618 0.703818 0.075928 0.097695
0 0.112741 0.281390 0.078228 0.092191
0 0.109290 0.351565 0.071326 0.070175
0 0.103538 0.425181 0.069025 0.082559
0 0.101237 0.500860 0.062123 0.068799
0 0.108139 0.573099 0.075928 0.078431
0 0.113316 0.641211 0.063273 0.071551
0 0.112166 0.687994 0.060972 0.024768
0 0.116767 0.731338 0.086281 0.059168
0 0.121944 0.780874 0.059822 0.050912
0 0.125395 0.835913 0.092033 0.070175
0 0.042565 0.295150 0.064423 0.105951
0 0.042565 0.366013 0.062123 0.049536
0 0.044866 0.427245 0.050618 0.056416
0 0.042565 0.471276 0.043716 0.042656
0 0.042565 0.513932 0.062123 0.048160
0 0.040265 0.572411 0.059822 0.057792
0 0.056370 0.619195 0.059822 0.035776
0 0.054070 0.663227 0.050618 0.052288
0 0.875467 0.112831 0.103538 0.129343
0 0.897900 0.193326 0.104688 0.042656
0 0.898476 0.260750 0.105838 0.094943
0 0.772505 0.101135 0.088582 0.064671
0 0.782284 0.186447 0.105838 0.100447
0 0.690250 0.170623 0.092033 0.143103
0 0.699454 0.289646 0.075928 0.130719
0 0.566580 0.158239 0.077078 0.074303
0 0.568306 0.261438 0.078228 0.112831
0 0.477998 0.165119 0.077078 0.066047
0 0.467069 0.250430 0.078228 0.099071
0 0.388266 0.147231 0.056370 0.049536
0 0.387115 0.209838 0.065574 0.050912
0 0.387115 0.280702 0.067875 0.107327
0 0.285303 0.132783 0.071326 0.072927
0 0.276100 0.194014 0.055220 0.057792
0 0.258844 0.268318 0.071326 0.099071