0 0.865681 0.123094 0.112468 0.164314
0 0.866324 0.269198 0.102185 0.116036
0 0.861183 0.362225 0.088689 0.083004
0 0.844955 0.482919 0.105077 0.126765
0 0.849936 0.595991 0.098972 0.098814
0 0.841260 0.744071 0.124679 0.166290
0 0.842224 0.870271 0.120180 0.107002
0 0.738753 0.099520 0.111183 0.127894
0 0.744859 0.253388 0.102185 0.116036
0 0.724614 0.496753 0.112468 0.112084
0 0.728149 0.593591 0.084190 0.084416
0 0.725096 0.736307 0.105077 0.105590
0 0.738753 0.874788 0.098972 0.118859
0 0.644280 0.129870 0.120180 0.117448
0 0.641067 0.237436 0.102185 0.094862
0 0.632712 0.357708 0.103470 0.121400
0 0.614075 0.471062 0.102185 0.126765
0 0.614075 0.585121 0.089974 0.104178
0 0.614396 0.680971 0.111183 0.102767
0 0.607808 0.775692 0.123072 0.110954
0 0.611986 0.883823 0.121787 0.108131
0 0.532134 0.131988 0.103470 0.142575
0 0.531652 0.281056 0.105077 0.142575
0 0.527956 0.401609 0.106684 0.096273
0 0.519923 0.493789 0.084190 0.086957
0 0.517513 0.591756 0.082584 0.083004
0 0.512211 0.686477 0.089974 0.107002
0 0.506909 0.785150 0.073586 0.094862
0 0.499036 0.875494 0.076478 0.101637
0 0.434126 0.121542 0.107969 0.110954
0 0.430913 0.258470 0.089974 0.108131
0 0.421272 0.380011 0.097686 0.121400
0 0.416131 0.502541 0.071979 0.089780
0 0.424165 0.588509 0.085476 0.068605
0 0.415167 0.685912 0.103470 0.118859
0 0.414524 0.791078 0.080977 0.090909
0 0.412918 0.884670 0.089974 0.096273
0 0.340778 0.129305 0.078085 0.105590
0 0.334672 0.238425 0.107005 0.118859
0 0.332584 0.360813 0.094473 0.117448
0 0.330013 0.474449 0.089974 0.104178
0 0.330977 0.587662 0.103470 0.104178
0 0.321337 0.685206 0.093188 0.109543
0 0.311375 0.776962 0.094473 0.086957
0 0.304788 0.887916 0.087082 0.121400
0 0.235540 0.127753 0.111825 0.119424
0 0.236665 0.239554 0.100578 0.107002
0 0.223811 0.357284 0.096080 0.126765
0 0.228310 0.480661 0.096080 0.100226
0 0.222044 0.602908 0.116967 0.142575
0 0.226382 0.734896 0.087082 0.105590
0 0.209672 0.893563 0.082584 0.090909
0 0.128213 0.131141 0.103470 0.104178
0 0.125161 0.257905 0.100578 0.143704
0 0.129981 0.586251 0.091581 0.122812
0 0.140424 0.681395 0.085476 0.080463
0 0.125482 0.776821 0.109576 0.122812
0 0.127892 0.882552 0.084190 0.097685