0 0.973897 0.983234 0.291629 0.114657
0 0.941494 1.148729 0.223222 0.067063
0 0.931593 1.216333 0.246625 0.065982
0 0.930693 1.348837 0.190819 0.088697
0 0.934293 1.418064 0.212421 0.045430
0 0.941494 1.485127 0.198020 0.071390
0 0.928893 1.554354 0.237624 0.071390
0 0.930693 1.633315 0.252025 0.077880
0 0.927093 1.713359 0.219622 0.086533
0 0.684068 1.030827 0.230423 0.084370
0 0.676868 1.127096 0.252025 0.088697
0 0.669667 1.206057 0.208821 0.056247
0 0.675068 1.341266 0.183618 0.121147
0 0.680468 1.474310 0.230423 0.127637