0 1.318600 0.278918 0.228361 0.199627
0 1.325967 0.489739 0.228361 0.205224
0 1.373849 0.694963 0.202578 0.136194
0 1.410681 0.897388 0.265193 0.175373
0 1.453039 1.084888 0.209945 0.179104
0 1.497238 1.347948 0.158379 0.076493
0 1.517495 1.566231 0.228361 0.169776
0 1.034070 0.269590 0.244936 0.173507
0 1.075506 0.493470 0.257827 0.203358
0 1.116022 0.708955 0.265193 0.194030
0 1.148250 0.912313 0.281768 0.194030
0 1.186004 1.103078 0.243094 0.152052
0 1.224678 1.292910 0.187845 0.186567
0 1.250460 1.553172 0.202578 0.184701
0 0.786372 0.250933 0.202578 0.175373
0 0.843462 0.466418 0.220994 0.160448
0 0.860037 0.708955 0.246777 0.205224
0 0.925414 0.891791 0.211786 0.156716
0 0.961326 1.089552 0.220994 0.212687
0 1.001842 1.347015 0.228361 0.229478
0 0.543278 0.264925 0.195212 0.166045
0 0.622468 0.501866 0.250460 0.179104
0 0.640884 0.708955 0.198895 0.175373
0 0.644567 0.873134 0.279926 0.182836
0 0.681400 1.083022 0.176796 0.195896
0 0.769797 1.315299 0.243094 0.218284
0 0.337017 0.306903 0.246777 0.207090
0 0.351750 0.500933 0.165746 0.210821
0 0.383978 0.701493 0.248619 0.212687
0 0.384899 0.901119 0.235727 0.171642
0 0.451197 1.106343 0.239411 0.186567
0 0.476980 1.301306 0.228361 0.154851