0 0.419826 0.346121 0.093750 0.063188
0 0.426486 0.408039 0.097848 0.054443
0 0.422387 0.473625 0.084529 0.075599
0 0.422643 0.534979 0.090164 0.053315
0 0.316086 0.342172 0.089139 0.062623
0 0.324283 0.406488 0.092213 0.050212
0 0.321977 0.469111 0.093750 0.069958
0 0.319928 0.595769 0.094775 0.062059
0 0.316598 0.655430 0.076844 0.058956
0 0.229508 0.341326 0.087090 0.063188
0 0.224898 0.406629 0.100410 0.066291
0 0.227971 0.468829 0.101434 0.050776
0 0.225410 0.528350 0.103484 0.062059
0 0.219775 0.586742 0.088115 0.049083
0 0.223617 0.650635 0.109119 0.072496