0 0.795250 0.203968 0.208026 0.190476
0 0.798526 0.380159 0.219492 0.179365
0 0.814087 0.515079 0.217854 0.111111
0 0.811220 0.664286 0.221949 0.201587
0 0.814906 0.830952 0.214578 0.122222
0 0.817363 0.954365 0.229320 0.143651
0 0.813268 1.138095 0.230958 0.228571
0 0.821048 1.312698 0.233415 0.142857
0 0.823096 1.464286 0.237510 0.196825
0 0.828010 1.615079 0.263718 0.112698
0 0.843980 1.807937 0.256347 0.295238
0 1.026208 0.260317 0.263718 0.311111
0 1.031941 0.551587 0.255528 0.290476
0 1.045045 0.857937 0.245700 0.341270
0 1.040950 1.142857 0.234234 0.247619
0 1.042998 1.365873 0.238329 0.230159
0 1.048321 1.567460 0.224406 0.204762
0 1.056921 1.796032 0.210483 0.284127