0 1.769944 0.587662 0.065270 0.220779
0 1.791297 0.818182 0.075745 0.285714
0 1.800161 1.149351 0.099919 0.454545
0 1.655520 0.769481 0.094279 0.409091
0 1.674053 1.199675 0.115230 0.529221
0 1.529009 0.850649 0.092667 0.402597
0 1.544722 1.425325 0.101531 0.409091
0 1.383965 0.837662 0.092667 0.253247
0 1.254633 0.918831 0.085415 0.357143
0 1.151491 0.928571 0.062853 0.240260
0 1.164786 1.373377 0.070105 0.246753
0 1.171233 1.600649 0.099114 0.292208
0 1.046334 1.016234 0.094279 0.402597
0 1.047139 1.329545 0.092667 0.282468
0 1.047542 1.603896 0.099919 0.305195
0 0.934730 1.139610 0.099919 0.259740
0 0.924255 1.368506 0.109589 0.282468
0 0.923449 1.590909 0.112812 0.246753
0 0.796938 1.461039 0.116035 0.415584
0 0.416600 1.321429 0.104754 0.409091
0 0.261080 0.616883 0.080580 0.337662
0 0.264706 0.889610 0.091056 0.285714
0 0.271152 1.235390 0.107172 0.470779
0 0.201450 0.628247 0.059629 0.256494