0 1.101747 0.586752 0.402878 0.202421
0 1.086331 0.822798 0.363823 0.214526
0 1.115108 1.010087 0.256937 0.096839
0 1.119219 1.151648 0.330935 0.129792
0 1.104830 1.318426 0.376156 0.186281
0 1.135663 1.490921 0.330935 0.138534
0 1.104830 1.639206 0.277492 0.114997
0 0.635149 0.598857 0.283659 0.199731
0 0.650565 0.773705 0.289825 0.097512
0 0.630010 0.934432 0.265159 0.160726
0 0.611511 1.100538 0.269270 0.143241
0 0.618705 1.280094 0.283659 0.168796
0 0.634121 1.458305 0.355601 0.140551
0 0.700925 1.627102 0.250771 0.125757