0 1.117914 0.359733 0.258503 0.124046
0 1.140590 0.573473 0.263039 0.158397
0 1.159864 0.774809 0.215420 0.114504
0 1.151927 0.925095 0.226757 0.105916
0 1.157596 1.063454 0.256236 0.147901
0 1.192744 1.259542 0.249433 0.118321
0 1.163265 1.393130 0.199546 0.099237
0 1.176871 1.545802 0.176871 0.110687
0 0.719955 0.348282 0.224490 0.124046
0 0.736961 0.504771 0.249433 0.127863
0 0.748299 0.638359 0.199546 0.095420
0 0.730159 0.774332 0.276644 0.107824
0 0.752834 0.942748 0.263039 0.131679
0 0.730159 1.105916 0.235828 0.104962
0 0.721088 1.257634 0.208617 0.103053
0 0.753968 1.433206 0.188209 0.114504
0 0.784580 1.572042 0.190476 0.105916