0 0.815010 0.141149 0.142199 0.137293
0 0.801514 0.306209 0.142857 0.101813
0 0.790981 0.473004 0.121791 0.099113
0 0.787360 0.638064 0.139566 0.156190
0 0.790981 0.860393 0.184990 0.161203
0 0.606978 0.156383 0.189598 0.140764
0 0.613891 0.321442 0.116524 0.077516
0 0.619157 0.479368 0.127057 0.089472
0 0.605991 0.631122 0.116524 0.129965
0 0.617841 0.853452 0.150757 0.113382
0 0.432851 0.160239 0.140224 0.102198
0 0.440750 0.319321 0.150757 0.128037
0 0.423634 0.487852 0.153390 0.125723
0 0.417051 0.642692 0.145490 0.146934
0 0.431534 0.847860 0.158657 0.139221
0 0.236011 0.175858 0.174457 0.161203
0 0.272877 0.316043 0.169190 0.109911
0 0.253127 0.471654 0.129691 0.158118
0 0.237327 0.645006 0.187623 0.139221
0 0.266294 0.773814 0.098091 0.089857
0 0.267610 0.888353 0.127057 0.077516