0 1.209302 0.390168 0.134063 0.106126
0 1.194254 0.525946 0.128591 0.068670
0 1.187415 0.626609 0.158687 0.098322
0 1.192202 0.735466 0.168263 0.117831
0 1.188098 0.867733 0.176471 0.140460
0 1.187415 1.015997 0.186047 0.162310
0 1.188782 1.163480 0.180575 0.132657
0 1.177839 1.284042 0.155951 0.113149
0 1.177839 1.391338 0.155951 0.107686
0 1.049932 0.381584 0.176471 0.132657
0 1.035568 0.539992 0.155951 0.159188
0 1.034884 0.672649 0.146375 0.106126
0 1.034884 0.877877 0.138167 0.123293
0 1.035568 1.005462 0.155951 0.152165
0 1.023256 1.116660 0.142271 0.088958
0 1.020520 1.206789 0.125855 0.083496
0 1.023256 1.424503 0.142271 0.130316
0 1.045144 1.556769 0.158687 0.123293
0 0.880985 0.368318 0.142271 0.103004
0 0.888509 0.448693 0.146375 0.076473
0 0.874829 0.554428 0.198358 0.130316
0 0.900137 0.649239 0.125855 0.048381
0 0.880985 0.722981 0.164159 0.113149
0 0.887825 0.921966 0.180575 0.083496
0 0.880985 1.055794 0.142271 0.145142
0 0.890561 1.323449 0.142271 0.090519
0 0.880301 1.417480 0.146375 0.100663
0 0.879617 1.514631 0.155951 0.107686
0 0.878933 1.616465 0.146375 0.105345
0 0.722298 0.373000 0.207934 0.135778
0 0.695622 0.519703 0.116279 0.120172
0 0.718194 0.635973 0.150479 0.120172
0 0.700410 0.909091 0.158687 0.135778
0 0.722982 1.021069 0.138167 0.102224
0 0.718194 1.126414 0.172367 0.083496
0 0.726402 1.233710 0.161423 0.110808
0 0.730506 1.332813 0.125855 0.093640
0 0.709986 1.473274 0.134063 0.103004
0 0.720930 1.595786 0.150479 0.103004
0 0.547196 0.376512 0.164159 0.113149
0 0.570451 0.526726 0.155951 0.118611
0 0.554036 0.660554 0.134063 0.100663
0 0.554036 1.056574 0.158687 0.145142
0 0.564295 1.246976 0.181943 0.191963
0 0.575923 1.473274 0.166895 0.162310
0 0.554720 1.608272 0.146375 0.112368
0 0.358413 0.406555 0.180575 0.188841
0 0.372777 0.597737 0.168263 0.162310
0 0.373461 0.776434 0.210670 0.179477
0 0.387825 0.977760 0.198358 0.135778
0 0.378933 1.107296 0.164159 0.118611
0 0.377565 1.213422 0.142271 0.110808
0 0.380301 1.379633 0.164159 0.196645
0 0.387141 1.541163 0.186047 0.135778