0 0.610619 0.144503 0.104586 0.055689
0 0.602574 0.182669 0.090105 0.019683
0 0.617860 0.245559 0.128721 0.101296
0 0.624296 0.345415 0.139984 0.084974
0 0.619469 0.415026 0.109413 0.068651
0 0.631939 0.490879 0.121480 0.085934
0 0.643202 0.594815 0.189059 0.120979
0 0.635961 0.709313 0.198713 0.101296
0 0.312953 0.161066 0.183427 0.099376
0 0.298874 0.244119 0.115044 0.081133
0 0.298069 0.335334 0.129525 0.095535
0 0.295656 0.412626 0.105390 0.069611
0 0.296058 0.495919 0.119067 0.091215
0 0.277957 0.598896 0.150442 0.102256
0 0.267900 0.692271 0.119067 0.095055