0 0.526923 0.055371 0.515385 0.059528
0 0.490385 0.114566 0.507692 0.050881
0 0.495192 0.167609 0.532692 0.055205
0 0.524038 0.227137 0.555769 0.057865
0 0.500000 0.283006 0.523077 0.056535
0 0.467308 0.336049 0.588462 0.049551
0 0.425962 0.386265 0.540385 0.036914
0 0.436538 0.437147 0.565385 0.059528
0 0.452885 0.498836 0.467308 0.075158
0 0.433654 0.551879 0.555769 0.025607
0 0.418269 0.587296 0.490385 0.033921
0 0.375962 0.633189 0.490385 0.055205
0 0.420192 0.690389 0.532692 0.042567
0 0.475000 0.744430 0.588462 0.050881
0 0.450962 0.790323 0.490385 0.038244
0 0.486538 0.844862 0.630769 0.062188
0 0.519231 0.898071 0.696154 0.052212