0 0.648958 0.167605 0.134499 0.089431
0 0.645931 0.244215 0.129792 0.070669
0 0.637525 0.307536 0.107599 0.060350
0 0.627774 0.372108 0.141896 0.070669
0 0.629792 0.474359 0.141896 0.097561
0 0.628447 0.578956 0.129792 0.060350
0 0.631137 0.686366 0.159381 0.105691
0 0.635171 0.797530 0.127102 0.077861
0 0.625084 0.882270 0.112307 0.061601
0 0.505044 0.153690 0.172159 0.107880
0 0.495293 0.267824 0.141896 0.099750
0 0.491930 0.367573 0.114997 0.076610
0 0.486214 0.467480 0.134499 0.078799
0 0.493611 0.578330 0.184264 0.121639
0 0.497983 0.686836 0.127102 0.097874
0 0.490585 0.790494 0.162071 0.119450
0 0.490585 0.891651 0.141896 0.094121
0 0.356759 0.158380 0.149966 0.091620
0 0.367855 0.254534 0.137189 0.086929
0 0.357767 0.379925 0.151984 0.110069
0 0.360121 0.478580 0.132482 0.101001
0 0.346671 0.583490 0.149966 0.104440
0 0.352051 0.684021 0.114997 0.077861
0 0.368191 0.764540 0.127102 0.078799
0 0.355414 0.842714 0.112307 0.070669
0 0.349361 0.914634 0.124412 0.075672
0 0.222260 0.156191 0.144586 0.084740
0 0.215871 0.274390 0.166779 0.131019
0 0.216543 0.371951 0.119704 0.065979
0 0.222932 0.466385 0.127102 0.076610
0 0.224613 0.581926 0.139879 0.101939
0 0.214526 0.678080 0.129119 0.077861
0 0.222260 0.782051 0.179556 0.097561
0 0.215198 0.885241 0.139879 0.101939