0 1.420635 0.136631 0.587302 0.040832
0 1.420635 0.183746 0.523810 0.042403
0 1.404762 0.220652 0.587302 0.037691
0 1.357143 0.255987 0.555556 0.039262
0 1.333333 0.293679 0.619048 0.034550
0 1.369048 0.335296 0.690476 0.048685
0 1.317460 0.376914 0.603175 0.040832
0 1.301587 0.427169 0.523810 0.053396
0 1.317460 0.483706 0.603175 0.053396
0 1.293651 0.533962 0.555556 0.042403
0 1.261905 0.588143 0.619048 0.054967
0 1.226190 0.648214 0.626984 0.062034
0 1.202381 0.713781 0.626984 0.070671
0 1.138889 0.758539 0.674603 0.031410
0 1.051587 0.801728 0.626984 0.051826
0 1.051587 0.843345 0.626984 0.047114
0 0.944444 0.894778 0.619048 0.055752
0 0.952381 0.945426 0.507937 0.050255
0 0.920635 1.010993 0.476190 0.049470
0 0.880952 1.045936 0.523810 0.032980
0 0.849206 1.087554 0.523810 0.054967
0 0.817460 1.144091 0.619048 0.061249
0 0.880952 1.190420 0.555556 0.034550
0 0.920635 1.234001 0.603175 0.049470
0 0.920635 1.280722 0.619048 0.042403
0 0.920635 1.327051 0.571429 0.053396
0 0.960317 1.376521 0.301587 0.061249
0 0.948413 1.423243 0.563492 0.044759
0 0.952381 1.481743 0.730159 0.053396
0 0.952381 1.553200 0.634921 0.069101
0 1.015873 1.603848 0.603175 0.049470
0 1.071429 1.660777 0.587302 0.032980