0 0.759357 0.180946 0.156319 0.177307
0 0.750991 0.351472 0.152796 0.128680
0 0.744826 0.479325 0.152796 0.112471
0 0.741964 0.610321 0.147952 0.129673
0 0.745266 0.741647 0.141347 0.099901
0 0.748569 0.856930 0.157640 0.126034
0 0.563188 0.187727 0.149714 0.138604
0 0.559665 0.359577 0.179657 0.184585
0 0.570894 0.531591 0.154557 0.134965
0 0.565170 0.694013 0.186262 0.152167
0 0.570013 0.835759 0.143109 0.148528
0 0.374725 0.200298 0.157640 0.190870
0 0.383972 0.360073 0.149714 0.116110
0 0.391237 0.534403 0.154557 0.192193
0 0.392338 0.717168 0.146191 0.143566
0 0.397182 0.847172 0.106561 0.118425
0 0.211140 0.186073 0.136063 0.137281
0 0.217305 0.336255 0.121092 0.151174
0 0.219507 0.468078 0.122853 0.119749