0 0.968103 0.208449 0.047241 0.150970
0 0.972931 0.414127 0.049310 0.221607
0 0.974310 0.689058 0.049310 0.303324
0 0.918448 0.210526 0.047241 0.249307
0 0.918103 0.436981 0.048621 0.222992
0 0.926379 0.719529 0.054138 0.303324
0 0.860862 0.203601 0.058276 0.249307
0 0.862759 0.483380 0.063448 0.277008
0 0.867414 0.748615 0.053448 0.220222
0 0.795517 0.215374 0.057931 0.236842
0 0.800172 0.722992 0.054138 0.277008
0 0.721379 0.232687 0.074483 0.277008
0 0.718103 0.494460 0.060345 0.271468
0 0.723793 0.715374 0.063448 0.214681
0 0.646552 0.157202 0.062759 0.259003
0 0.646724 0.390582 0.065172 0.243767
0 0.657069 0.656510 0.065172 0.293629
0 0.567931 0.210526 0.060000 0.324100
0 0.577069 0.500693 0.052759 0.275623
0 0.588448 0.748615 0.058276 0.220222
0 0.486724 0.190443 0.058966 0.267313
0 0.493448 0.455679 0.080000 0.293629
0 0.502586 0.734765 0.075517 0.286704
0 0.396724 0.222299 0.069310 0.267313
0 0.395345 0.494460 0.081724 0.279778
0 0.395000 0.758310 0.083103 0.281163
0 0.323793 0.254848 0.062759 0.340720
0 0.321207 0.539474 0.059655 0.270083
0 0.319655 0.801247 0.060690 0.278393
0 0.242586 0.272161 0.070000 0.286704
0 0.247586 0.500693 0.056552 0.203601
0 0.250000 0.747230 0.060690 0.303324
0 0.167414 0.289474 0.072069 0.277008
0 0.173966 0.549861 0.072069 0.252078
0 0.180172 0.794321 0.058966 0.259003
0 0.093966 0.274238 0.058966 0.246537
0 0.093103 0.497230 0.072414 0.235457
0 0.102586 0.754155 0.060345 0.319945