0 1.279939 0.563985 0.093987 0.134866
0 1.275897 0.680077 0.085902 0.095785
0 1.282466 0.774713 0.099040 0.101149
0 1.305710 0.875096 0.088934 0.116475
0 1.307226 1.010728 0.104093 0.167050
0 1.177362 0.533333 0.074785 0.052107
0 1.143002 0.611494 0.082870 0.114943
0 1.151086 0.744061 0.082870 0.162452
0 1.169277 0.911877 0.123295 0.179310
0 1.059121 0.540230 0.121273 0.099617
0 1.066195 0.627586 0.090955 0.090421
0 1.072259 0.721073 0.103082 0.108812
0 1.059121 0.807663 0.101061 0.067433
0 1.054573 0.907280 0.124305 0.147126
0 1.036887 1.040230 0.097019 0.103448