0 0.964809 0.331522 0.030255 0.489130
0 0.927548 0.347826 0.046178 0.282609
0 0.867994 0.347826 0.054459 0.559783
0 0.814172 0.365489 0.049363 0.557065
0 0.751911 0.447011 0.065605 0.703804
0 0.679140 0.403533 0.051274 0.584239
0 0.613854 0.413043 0.057643 0.706522
0 0.557006 0.399457 0.050318 0.625000
0 0.501433 0.485054 0.046178 0.747283
0 0.449522 0.433424 0.063376 0.540761
0 0.401274 0.425272 0.039490 0.317935
0 0.347452 0.485054 0.062420 0.714674
0 0.273408 0.494565 0.045541 0.456522
0 0.221975 0.514946 0.041401 0.464674
0 0.180255 0.519022 0.044586 0.402174
0 0.138376 0.550272 0.039172 0.377717
0 0.091242 0.554348 0.039172 0.489130
0 0.043312 0.572011 0.052229 0.644022