0 1.723094 0.676589 0.188210 0.168946
0 1.464575 0.286806 0.212006 0.227675
0 1.461330 0.526549 0.212006 0.227675
0 1.459167 0.752615 0.212006 0.227675
0 1.246079 0.242961 0.212006 0.176991
0 1.254732 0.476669 0.212006 0.203540
0 1.240671 0.753017 0.212006 0.197908
0 0.979989 0.262671 0.212006 0.176187
0 0.996214 0.456959 0.253110 0.160901
0 1.034072 0.726870 0.212006 0.227675
0 0.731206 0.340306 0.212006 0.197908
0 0.742023 0.594127 0.212006 0.181014
0 0.745268 0.780370 0.212006 0.212389
0 0.458626 0.370877 0.212006 0.185036
0 0.469443 0.561142 0.212006 0.144006
0 0.515955 0.765889 0.212006 0.220434
0 0.190373 0.374497 0.212006 0.208367
0 0.228231 0.618665 0.212006 0.189863
0 0.274743 0.831858 0.212006 0.173773
0 1.781504 1.650040 0.212006 0.181818
0 1.776095 1.818182 0.212006 0.189863
0 1.510005 1.399437 0.212006 0.139179
0 1.510005 1.584875 0.212006 0.148029
0 1.514873 1.796460 0.241211 0.178600
0 1.259059 1.384151 0.212006 0.227675
0 1.275284 1.616653 0.212006 0.176187
0 1.259059 1.801689 0.212006 0.203540
0 0.984316 1.341512 0.212006 0.227675
0 0.969173 1.537007 0.212006 0.147224
0 0.932937 1.746581 0.226068 0.207562
0 0.707409 1.349558 0.212006 0.227675
0 0.711736 1.593725 0.212006 0.191472
0 0.696593 1.798874 0.212006 0.212389
0 0.483505 1.316573 0.212006 0.168142
0 0.478096 1.530571 0.212006 0.164924
0 0.433207 1.751810 0.236885 0.227675
0 0.197945 1.630732 0.212006 0.204344