0 0.682495 0.243490 0.118583 0.134085
0 0.655031 0.362612 0.129363 0.101827
0 0.641684 0.517295 0.128337 0.140692
0 0.654774 0.654295 0.116530 0.110766
0 0.662731 0.792266 0.179671 0.112320
0 0.495893 0.234357 0.168378 0.102604
0 0.481520 0.393510 0.148871 0.163622
0 0.473819 0.531481 0.150924 0.132530
0 0.474076 0.649048 0.138090 0.120482
0 0.472023 0.784687 0.124743 0.117373
0 0.287731 0.247765 0.118583 0.145744
0 0.289784 0.437233 0.109343 0.125923
0 0.294148 0.616401 0.166324 0.153906
0 0.290041 0.772056 0.135524 0.122425