0 0.540741 0.184977 0.306173 0.051099
0 0.537037 0.244507 0.367901 0.026060
0 0.544444 0.273122 0.362963 0.039346
0 0.517284 0.317833 0.422222 0.052121
0 0.535802 0.358457 0.325926 0.037302
0 0.514815 0.393459 0.333333 0.030659
0 0.507407 0.416198 0.362963 0.021972
0 0.491358 0.444558 0.286420 0.038835
0 0.522222 0.478539 0.367901 0.031170
0 0.527160 0.514819 0.348148 0.047522
0 0.539506 0.552632 0.333333 0.035258
0 0.550617 0.585079 0.291358 0.029637
0 0.540741 0.603219 0.340741 0.015841
0 0.545679 0.634389 0.330864 0.048544
0 0.514815 0.747062 0.343210 0.039857
0 0.501235 0.782575 0.325926 0.037302