0 1.243279 0.498482 0.196562 0.326923
0 1.233142 0.812753 0.176289 0.325911
0 1.226532 1.017206 0.171882 0.127530
0 1.230057 1.224696 0.178933 0.329960
0 1.220802 1.488866 0.183341 0.234818
0 1.210225 1.854757 0.167475 0.217611
0 1.077126 0.145749 0.181578 0.238866
0 1.073601 0.368927 0.186866 0.223684
0 1.068312 0.681174 0.176289 0.431174
0 1.064786 1.026316 0.174526 0.265182
0 1.062583 1.252024 0.178933 0.196356
0 1.061260 1.505061 0.167475 0.301619
0 1.048920 1.805668 0.174526 0.311741
0 0.152490 1.129555 0.237990 0.283401