0 0.883107 0.146411 0.081146 0.109091
0 0.884163 0.240351 0.089894 0.099841
0 0.880995 0.325997 0.067873 0.090590
0 0.884766 0.437321 0.066968 0.153110
0 0.886878 0.577352 0.115234 0.147368
0 0.879789 0.755821 0.118552 0.221691
0 0.779940 0.311324 0.067873 0.147368
0 0.771342 0.439075 0.123077 0.124083
0 0.771795 0.547209 0.069080 0.110048
0 0.773454 0.669378 0.085671 0.136842
0 0.772398 0.806539 0.105279 0.147687
0 0.665913 0.151196 0.092006 0.184370
0 0.663198 0.285486 0.093213 0.083573
0 0.675113 0.371770 0.082051 0.098565
0 0.668627 0.672727 0.117345 0.167145
0 0.661538 0.821850 0.085671 0.138118
0 0.540422 0.112440 0.106486 0.118341
0 0.535294 0.218820 0.098643 0.103349
0 0.537406 0.364115 0.125189 0.196172
0 0.529864 0.524721 0.087783 0.110367
0 0.532428 0.651037 0.101961 0.151834
0 0.542232 0.813716 0.136048 0.179904
0 0.415083 0.339872 0.108597 0.138118
0 0.418100 0.480064 0.116440 0.154386
0 0.411312 0.640829 0.122775 0.184370
0 0.422323 0.821053 0.120664 0.190112
0 0.310256 0.307177 0.087783 0.116108
0 0.306033 0.397448 0.076923 0.075279
0 0.304525 0.486762 0.075716 0.114833
0 0.305581 0.604785 0.095324 0.126316
0 0.305732 0.707177 0.069080 0.082297
0 0.302413 0.793939 0.075716 0.103349
0 0.297587 0.889155 0.106486 0.098565
0 0.143891 0.130622 0.116440 0.094099
0 0.169532 0.228389 0.084465 0.113557
0 0.200754 0.360128 0.105279 0.147368
0 0.207843 0.468581 0.084465 0.069537
0 0.204525 0.539872 0.077828 0.061563
0 0.197888 0.611643 0.101961 0.092823
0 0.204072 0.717384 0.114329 0.140351