0 0.886876 0.043047 0.069540 0.031431
0 0.889324 0.073967 0.064643 0.024940
0 0.888345 0.096857 0.064643 0.022890
0 0.884917 0.120772 0.061704 0.021524
0 0.887365 0.148104 0.064643 0.029040
0 0.882958 0.177485 0.067581 0.028357
0 0.882958 0.203280 0.067581 0.023232
0 0.888834 0.230270 0.059745 0.032115
0 0.806072 0.045097 0.058766 0.035531
0 0.809500 0.074650 0.063663 0.029040
0 0.810480 0.103006 0.071499 0.028357
0 0.806562 0.125214 0.065622 0.019474
0 0.805093 0.147421 0.064643 0.024940
0 0.806072 0.176290 0.066601 0.033481
0 0.812439 0.200376 0.057786 0.020840
0 0.805583 0.227366 0.071499 0.032456
0 0.808521 0.257602 0.071499 0.033481
0 0.806562 0.284933 0.077375 0.025965
0 0.806562 0.309703 0.073457 0.029040
0 0.801175 0.338059 0.070519 0.030407
0 0.808031 0.366587 0.082272 0.028698
0 0.805583 0.392040 0.061704 0.024940
0 0.804603 0.417663 0.061704 0.029040
0 0.802155 0.445337 0.056807 0.026307
0 0.803624 0.469764 0.057786 0.022549
0 0.807542 0.499146 0.061704 0.026648
0 0.805093 0.523574 0.056807 0.027673
0 0.808521 0.551418 0.065622 0.028015
0 0.808031 0.577554 0.064643 0.026990
0 0.809990 0.603861 0.070519 0.029040
0 0.815867 0.628801 0.074437 0.026990
0 0.808031 0.655620 0.058766 0.027332
0 0.810970 0.684489 0.066601 0.031773
0 0.821254 0.872053 0.077375 0.022207
0 0.811459 0.893577 0.069540 0.022207
0 0.819785 0.920567 0.058766 0.024940
0 0.812439 0.947045 0.065622 0.028698
0 0.812439 0.975231 0.063663 0.023574
0 0.451028 0.249744 0.067581 0.028698
0 0.452008 0.280150 0.059745 0.028015
0 0.451518 0.307311 0.078355 0.026307
0 0.452008 0.335839 0.069540 0.033481
0 0.451028 0.367099 0.079334 0.026990
0 0.451518 0.397506 0.072478 0.031773
0 0.453967 0.425692 0.053869 0.024599
0 0.459354 0.453365 0.070519 0.031431
0 0.461312 0.483259 0.076396 0.029040
0 0.465230 0.512128 0.082272 0.030065
0 0.462782 0.539631 0.063663 0.027673
0 0.460823 0.568671 0.075416 0.029723
0 0.460333 0.599590 0.060725 0.030065
0 0.459843 0.627093 0.061704 0.027673
0 0.467679 0.652887 0.073457 0.023915
0 0.469638 0.678510 0.065622 0.024599
0 0.466699 0.702767 0.071499 0.023232
0 0.469638 0.728049 0.077375 0.029382
0 0.468168 0.754698 0.076396 0.025282
0 0.468168 0.779980 0.080313 0.028015
0 0.463271 0.805091 0.072478 0.024257
0 0.461802 0.830372 0.069540 0.026307
0 0.460333 0.857362 0.076396 0.027673
0 0.466210 0.883498 0.082272 0.025282
0 0.463761 0.908097 0.073457 0.024599
0 0.465230 0.934916 0.090108 0.027673
0 0.465230 0.961052 0.080313 0.023232
0 0.132713 0.043218 0.067581 0.023574
0 0.130754 0.068329 0.067581 0.021865
0 0.133203 0.100273 0.076396 0.041339
0 0.133692 0.148275 0.079334 0.051930
0 0.135651 0.189272 0.071499 0.026648
0 0.133203 0.215408 0.068560 0.024257
0 0.139079 0.239836 0.080313 0.023915
0 0.141038 0.266143 0.072478 0.028015