0 0.385227 0.475831 0.193182 0.054102
0 0.377273 0.550333 0.209091 0.082483
0 0.368182 0.615965 0.222727 0.039911
0 0.360227 0.683814 0.220455 0.079823
0 0.343182 0.771175 0.254545 0.068293
0 0.353409 0.864302 0.225000 0.110865
0 0.367045 0.959645 0.179545 0.033703
0 0.373864 1.015078 0.170455 0.066519
0 0.370455 1.083370 0.200000 0.059424
0 0.378409 1.157871 0.179545 0.070067
0 0.373864 1.253215 0.215909 0.101109
0 0.363636 1.352106 0.209091 0.075388
0 0.359091 1.445676 0.236364 0.095787
0 0.375000 1.545455 0.227273 0.094900
0 0.368182 1.631042 0.213636 0.072727