0 0.391576 0.231541 0.073050 0.096627
0 0.405397 0.352476 0.098059 0.092981
0 0.420533 0.505621 0.080948 0.127013
0 0.455413 0.618657 0.105956 0.122151
0 0.457387 0.749316 0.086213 0.091765
0 0.275090 0.258888 0.098059 0.117290
0 0.302731 0.388940 0.103323 0.114859
0 0.312603 0.498936 0.128332 0.082042
0 0.329056 0.624734 0.082264 0.117290
0 0.363277 0.750532 0.100691 0.120936
0 0.167818 0.288666 0.107272 0.147675
0 0.186245 0.412033 0.094110 0.112428
0 0.206647 0.523853 0.082264 0.095412
0 0.219809 0.650866 0.074367 0.101489
0 0.231655 0.764509 0.079631 0.102704