0 1.805624 0.291291 0.135677 0.225225
0 1.809842 0.577703 0.146924 0.215465
0 1.815466 0.894144 0.061160 0.178679
0 1.823199 1.189565 0.131459 0.224474
0 1.830580 1.500000 0.150439 0.237237
0 1.843937 1.795796 0.132162 0.213213
0 1.637258 0.304429 0.075923 0.248498
0 1.645694 0.587838 0.122320 0.207207
0 1.660808 0.890015 0.125835 0.195946
0 1.662566 1.191817 0.140598 0.268018
0 1.666081 1.487613 0.146221 0.227477
0 1.684710 1.779279 0.120211 0.225225
0 1.484007 0.258258 0.137786 0.225225
0 1.482250 0.564189 0.114587 0.216967
0 1.484710 0.864114 0.119508 0.180180
0 1.481898 1.189565 0.116696 0.170420
0 1.485413 1.493994 0.123726 0.195195
0 1.489631 1.798799 0.130756 0.264264
0 1.336731 0.297673 0.142707 0.222973
0 1.336028 0.579580 0.099121 0.231231
0 1.333568 0.893393 0.126538 0.232733
0 1.338840 1.196697 0.110369 0.240240
0 1.342355 1.483483 0.107557 0.241742
0 1.343058 1.789414 0.128647 0.257508
0 1.183480 0.281907 0.127241 0.251502
0 1.193673 0.578829 0.116696 0.234234
0 1.188401 0.879880 0.114587 0.246246
0 1.190861 1.205330 0.150439 0.302553
0 1.183480 1.491366 0.123023 0.277027
0 1.197188 1.776276 0.151845 0.190691
0 1.049912 0.298423 0.146924 0.221471
0 1.041828 0.585210 0.144815 0.268018
0 1.050967 0.901652 0.122320 0.291291
0 1.048506 1.199700 0.115993 0.256757
0 1.052021 1.505631 0.130053 0.245495
0 1.059402 1.796171 0.112478 0.246997
0 0.899473 0.297673 0.153954 0.219970
0 0.900176 0.588589 0.142707 0.213213
0 0.899824 0.885135 0.102636 0.162162
0 0.899824 1.186937 0.144815 0.267267
0 0.904042 1.524024 0.099824 0.250751
0 0.919508 1.816817 0.140598 0.243243
0 0.751142 0.275901 0.134271 0.215465
0 0.751142 0.581081 0.131459 0.313814
0 0.757469 0.894520 0.156766 0.231982
0 0.760984 1.204204 0.100527 0.267267
0 0.764851 1.523649 0.137786 0.250000
0 0.760281 1.794670 0.153954 0.236486
0 0.598946 0.283408 0.144815 0.289039
0 0.599297 0.595345 0.108963 0.247748
0 0.601406 0.892643 0.103339 0.229730
0 0.605272 1.191817 0.095606 0.248498
0 0.601406 1.524399 0.118805 0.269520
0 0.612654 1.811562 0.138489 0.237237
0 0.444288 0.269520 0.134974 0.222222
0 0.439367 0.575075 0.139192 0.259760
0 0.449912 0.898273 0.129350 0.237988
0 0.452373 1.180556 0.103339 0.194444
0 0.448506 1.515766 0.132162 0.250751
0 0.451318 1.819820 0.146221 0.237237
0 0.281195 0.284159 0.132162 0.296547
0 0.285413 0.591967 0.126538 0.251502
0 0.279438 0.887763 0.132865 0.243994
0 0.282953 1.197072 0.103339 0.234985
0 0.290334 1.505631 0.137786 0.242492
0 0.298418 1.816066 0.130053 0.291291
0 0.101582 0.288664 0.104745 0.314565
0 0.098418 0.618619 0.139192 0.274775
0 0.092443 0.880631 0.127241 0.240240
0 0.084710 1.225976 0.137083 0.264264