0 0.727763 0.205873 0.197943 0.149635
0 0.708226 0.336430 0.125964 0.111480
0 0.711054 0.452223 0.134704 0.120770
0 0.702314 0.629396 0.165553 0.165893
0 0.702828 0.811380 0.158355 0.149635
0 0.486375 0.195090 0.163496 0.134705
0 0.507969 0.349701 0.134704 0.147313
0 0.495373 0.504645 0.167095 0.181155
0 0.512596 0.663238 0.139846 0.143995
0 0.512339 0.800929 0.150643 0.110153
0 0.305398 0.215494 0.158355 0.166888
0 0.318252 0.355508 0.147044 0.133709
0 0.299229 0.488056 0.149100 0.121433
0 0.320308 0.632050 0.143959 0.139350
0 0.330848 0.792468 0.140360 0.109157