0 1.667910 0.358283 0.241294 0.203593
0 1.606343 0.611277 0.148010 0.184631
0 1.577114 0.845808 0.184080 0.190619
0 1.576493 1.072854 0.175373 0.181637
0 1.358209 0.335828 0.233831 0.228543
0 1.319652 0.595808 0.186567 0.225549
0 1.322761 0.868263 0.192786 0.207585
0 1.355721 1.100798 0.199005 0.133733
0 1.334577 1.265968 0.171642 0.154691
0 0.981343 0.234531 0.226368 0.257485
0 0.982587 0.520958 0.228856 0.223553
0 1.001244 0.762475 0.216418 0.181637
0 1.001244 1.067864 0.241294 0.259481
0 1.014303 1.369261 0.207711 0.243513
0 1.026741 1.618762 0.160448 0.207585
0 1.062189 1.853792 0.218905 0.202595
0 0.625622 0.302395 0.246269 0.209581
0 0.623134 0.586826 0.216418 0.297405
0 0.668532 0.848303 0.222637 0.243513
0 0.689055 1.086826 0.231343 0.225549
0 0.695274 1.292415 0.166667 0.163673
0 0.645522 1.460579 0.156716 0.142715
0 0.573383 1.683633 0.186567 0.169661
0 0.375622 0.662675 0.194030 0.247505
0 0.394900 0.940619 0.177861 0.216567
0 0.401741 1.189621 0.199005 0.187625
0 0.311567 1.490020 0.267413 0.245509