0 0.506383 0.155220 0.065653 0.053364
0 0.510334 0.206729 0.069909 0.052436
0 0.503647 0.248260 0.073556 0.038979
0 0.502128 0.300928 0.082675 0.055220
0 0.510942 0.369142 0.068693 0.052436
0 0.509726 0.431323 0.074772 0.069142
0 0.496353 0.914153 0.074772 0.058469
0 0.421581 0.139907 0.069909 0.057077
0 0.413678 0.192111 0.072340 0.045476
0 0.404559 0.240835 0.074772 0.047332
0 0.403343 0.315545 0.102736 0.116937
0 0.395137 0.469374 0.064438 0.031090
0 0.401520 0.507657 0.055319 0.045476
0 0.401520 0.549420 0.063830 0.050116
0 0.406383 0.734107 0.102736 0.098376
0 0.396960 0.807193 0.062006 0.055220
0 0.408207 0.880046 0.068693 0.054292