0 0.764913 0.195890 0.109686 0.134247
0 0.752726 0.328767 0.103271 0.116895
0 0.741180 0.490868 0.099423 0.136073
0 0.722579 0.669863 0.121232 0.192694
0 0.636626 0.242466 0.096857 0.172603
0 0.632777 0.419635 0.091725 0.145205
0 0.601347 0.628767 0.085311 0.225571
0 0.555164 0.228311 0.090443 0.242922
0 0.542976 0.446119 0.089160 0.176256
0 0.508980 0.644749 0.096857 0.228311
0 0.453817 0.215982 0.109686 0.210959
0 0.431366 0.405936 0.095574 0.150685
0 0.395446 0.632420 0.132777 0.207306
0 0.268441 0.261644 0.057088 0.123288
0 0.274214 0.346119 0.055805 0.052968
0 0.273573 0.442466 0.059654 0.108676
0 0.267158 0.600457 0.093008 0.172603
0 0.154266 0.321918 0.068634 0.121461
0 0.162604 0.444292 0.085311 0.114155