0 0.998849 0.357548 0.248562 0.269964
0 0.970081 0.598660 0.232451 0.212262
0 0.946490 0.866048 0.272727 0.244204
0 0.974108 1.171046 0.208285 0.215353
0 0.912543 1.421432 0.269275 0.200927
0 0.737054 0.282329 0.272727 0.212262
0 0.731876 0.525502 0.188723 0.218444
0 0.685846 0.865533 0.232451 0.344152
0 0.698504 1.171046 0.232451 0.244204
0 0.684120 1.435858 0.196778 0.229778
0 0.494822 0.328697 0.220944 0.269964
0 0.522440 0.583205 0.188723 0.197836
0 0.468930 0.888202 0.208285 0.333849
0 0.288838 0.365791 0.216341 0.208140
0 0.293441 0.588872 0.211738 0.258630
0 0.257192 0.876352 0.256617 0.273055
0 0.237054 1.188047 0.216341 0.208140
0 0.237054 1.402370 0.211738 0.212262