0 1.673134 0.340594 0.052736 0.154455
0 1.675622 0.478218 0.051741 0.124752
0 1.671642 0.606931 0.049751 0.097030
0 1.669652 0.729703 0.047761 0.100990
0 1.665672 0.861386 0.059701 0.122772
0 1.666667 0.988119 0.047761 0.122772
0 1.598010 0.313861 0.047761 0.097030
0 1.605970 0.449505 0.063682 0.126733
0 1.605970 0.570297 0.059701 0.126733
0 1.605970 0.689109 0.055721 0.095050
0 1.602985 0.807921 0.055721 0.122772
0 1.606965 0.960396 0.061692 0.146535
0 1.591045 1.413861 0.061692 0.154455
0 1.539303 0.318812 0.065672 0.130693
0 1.541791 0.457426 0.058706 0.154455
0 1.532338 0.807921 0.059701 0.110891
0 1.532338 0.922772 0.069652 0.138614
0 1.463682 0.655446 0.031841 0.095050
0 1.460697 1.134653 0.055721 0.130693
0 1.455721 1.293069 0.085572 0.190099
0 1.457214 1.429703 0.072637 0.102970
0 0.561194 0.335644 0.075622 0.207921
0 0.558209 0.482178 0.061692 0.100990
0 0.559204 0.622772 0.087562 0.152475
0 0.550746 0.738614 0.066667 0.091089
0 0.559701 0.847525 0.076617 0.138614
0 0.558209 0.962376 0.057711 0.142574
0 0.558209 1.079208 0.065672 0.099010
0 0.506468 0.335644 0.045771 0.196040
0 0.497015 0.497030 0.074627 0.146535
0 0.486567 0.603960 0.057711 0.095050
0 0.488557 0.704950 0.069652 0.126733
0 0.485572 0.811881 0.055721 0.110891
0 0.484577 0.936634 0.067662 0.146535
0 0.487562 1.062376 0.055721 0.097030
0 0.437811 0.330693 0.067662 0.142574
0 0.429851 0.469307 0.053731 0.118812
0 0.423881 0.580198 0.057711 0.130693
0 0.367662 0.445545 0.054726 0.138614
0 0.358209 0.568317 0.063682 0.110891