0 1.517270 0.277719 0.294408 0.285111
0 1.508224 0.609820 0.266447 0.336853
0 1.455592 0.896515 0.332237 0.238648
0 1.504934 1.470433 0.250000 0.284055
0 1.184211 0.308342 0.230263 0.215417
0 1.237664 0.526399 0.205592 0.189018
0 1.133224 0.960929 0.246711 0.219641
0 1.184211 1.170011 0.263158 0.206969
0 1.192434 1.407603 0.332237 0.276663
0 0.907895 0.269271 0.292763 0.285111
0 0.925987 0.494192 0.312500 0.160507
0 0.876645 1.030623 0.207237 0.266103
0 0.893914 1.307286 0.274671 0.299894
0 0.903783 1.630412 0.294408 0.367476
0 0.620066 0.293031 0.279605 0.258712
0 0.646382 0.660507 0.266447 0.387540
0 0.588816 0.995248 0.296053 0.284055
0 0.605263 1.333685 0.322368 0.289335
0 0.636513 1.552270 0.213816 0.177402