0 0.772443 0.250533 0.186573 0.238661
0 0.764247 0.443531 0.142857 0.140030
0 0.750390 0.596043 0.165886 0.168645
0 0.756245 0.796956 0.149493 0.179604
0 0.599922 0.190259 0.145199 0.132725
0 0.591530 0.354490 0.197892 0.188432
0 0.567330 0.606849 0.158860 0.186606
0 0.574356 0.816895 0.195550 0.157991
0 0.369633 0.217047 0.177205 0.168645
0 0.382123 0.355403 0.142857 0.086149
0 0.371780 0.496499 0.158860 0.177778
0 0.345433 0.815982 0.174863 0.195738
0 0.203942 0.239726 0.154176 0.231659
0 0.181694 0.470472 0.161202 0.193912
0 0.185402 0.666210 0.191257 0.165297
0 0.189696 0.828767 0.126464 0.131202