0 0.770646 0.187670 0.183934 0.129646
0 0.763889 0.314370 0.179429 0.109248
0 0.764640 0.429057 0.186937 0.102901
0 0.757883 0.567770 0.170420 0.160925
0 0.757132 0.685630 0.168919 0.079329
0 0.752252 0.747960 0.141141 0.050771
0 0.767643 0.820716 0.174925 0.077516
0 0.590465 0.186990 0.179429 0.123753
0 0.598348 0.292611 0.154655 0.065730
0 0.596096 0.365594 0.147147 0.068450
0 0.588213 0.420218 0.168919 0.035358
0 0.593468 0.466682 0.168919 0.062103
0 0.598724 0.560517 0.173423 0.112874
0 0.595721 0.667724 0.170420 0.088849
0 0.594595 0.742974 0.165165 0.053490
0 0.599474 0.819130 0.168919 0.097008
0 0.429805 0.168178 0.176426 0.092475
0 0.439565 0.271532 0.168919 0.089755
0 0.439940 0.358341 0.166667 0.063917
0 0.432432 0.446056 0.160661 0.098821
0 0.442943 0.552811 0.165165 0.113781
0 0.435811 0.680644 0.176426 0.120127
0 0.431306 0.772439 0.176426 0.046238
0 0.433559 0.836582 0.183934 0.072983
0 0.277402 0.188350 0.168919 0.102901
0 0.275150 0.330916 0.173423 0.128740
0 0.275526 0.455122 0.162162 0.131460
0 0.280781 0.563917 0.157658 0.087942
0 0.271772 0.662511 0.157658 0.075703