0 0.901312 0.251786 0.054128 0.167857
0 0.844177 0.399107 0.067797 0.180357
0 0.776654 0.540179 0.071624 0.176786
0 0.721979 0.650000 0.060689 0.107143
0 0.659377 0.717857 0.056862 0.110714
0 0.597321 0.786607 0.062876 0.166071
0 0.530891 0.809821 0.059049 0.180357
0 0.460908 0.816964 0.067797 0.201786
0 0.397485 0.787500 0.056862 0.167857
0 0.333789 0.730357 0.055221 0.210714
0 0.279661 0.691071 0.045380 0.214286
0 0.221979 0.602679 0.057955 0.226786
0 0.165118 0.494643 0.055768 0.239286
0 0.111263 0.375893 0.061782 0.226786