0 1.731685 0.241653 0.349817 0.271330
0 1.731685 0.512984 0.349817 0.271330
0 1.731685 0.783254 0.349817 0.271330
0 1.731685 1.053524 0.349817 0.271330
0 1.731685 1.324854 0.349817 0.271330
0 1.731685 1.596184 0.349817 0.271330
0 1.353480 0.252782 0.333333 0.276630
0 1.353480 0.529412 0.333333 0.276630
0 1.353480 0.801802 0.333333 0.276630
0 1.353480 1.047695 0.333333 0.276630
0 1.353480 1.323264 0.333333 0.276630
0 1.353480 1.599894 0.333333 0.276630
0 0.993590 0.255432 0.298535 0.277689
0 0.993590 0.533121 0.298535 0.277689
0 0.993590 0.810811 0.298535 0.277689
0 0.993590 1.087440 0.298535 0.277689
0 1.004579 1.341812 0.298535 0.277689
0 1.021062 1.641759 0.298535 0.277689
0 0.692308 0.277689 0.373626 0.275570
0 0.692308 0.553259 0.373626 0.275570
0 0.692308 0.828829 0.373626 0.275570
0 0.692308 1.104399 0.373626 0.275570
0 0.692308 1.379968 0.373626 0.275570
0 0.692308 1.656598 0.373626 0.275570
0 0.318681 0.261791 0.340659 0.284049
0 0.318681 0.544780 0.340659 0.284049
0 0.318681 0.828829 0.340659 0.284049
0 0.318681 1.112878 0.340659 0.284049
0 0.318681 1.395866 0.340659 0.284049
0 0.318681 1.678855 0.340659 0.284049