0 0.922521 0.530000 0.061513 0.680000
0 0.791429 0.530000 0.049412 0.580000
0 0.741345 0.510000 0.053445 0.560000
0 0.688908 0.470000 0.045378 0.480000
0 0.642521 0.500000 0.041345 0.540000
0 0.591933 0.485000 0.054454 0.570000
0 0.539496 0.505000 0.046387 0.530000
0 0.488571 0.410000 0.039328 0.340000
0 0.445714 0.495000 0.034286 0.490000
0 0.407227 0.495000 0.031261 0.490000
0 0.364874 0.435000 0.045378 0.470000
0 0.327059 0.395000 0.038319 0.390000
0 0.284202 0.430000 0.045378 0.500000
0 0.232101 0.425000 0.053445 0.550000
0 0.176134 0.445000 0.040336 0.510000
0 0.120168 0.430000 0.055462 0.400000
0 0.067563 0.410000 0.046387 0.420000