0 1.791566 0.156743 0.248193 0.185796
0 1.781928 0.371234 0.248193 0.185796
0 1.781928 0.597920 0.248193 0.185796
0 1.786747 0.756815 0.238554 0.119082
0 1.784337 0.913558 0.233735 0.188666
0 1.765060 1.099354 0.233735 0.188666
0 1.784337 1.290890 0.233735 0.188666
0 1.774699 1.484218 0.233735 0.215208
0 1.709639 1.682568 0.219277 0.168580
0 1.704819 1.856169 0.219277 0.168580
0 1.550602 0.163917 0.233735 0.188666
0 1.540964 0.355452 0.233735 0.188666
0 1.531325 0.576399 0.233735 0.188666
0 1.565060 0.750717 0.233735 0.188666
0 1.555422 0.942253 0.233735 0.188666
0 1.569880 1.128766 0.233735 0.188666
0 1.565060 1.302367 0.233735 0.188666
0 1.550602 1.488881 0.233735 0.188666
0 1.516867 1.695839 0.214458 0.197991
0 1.507229 1.861549 0.185542 0.133429
0 1.353012 0.137733 0.190361 0.159254
0 1.321687 0.326758 0.233735 0.188666
0 1.340964 0.553443 0.233735 0.188666
0 1.345783 0.709828 0.233735 0.188666
0 1.365060 0.896341 0.233735 0.188666
0 1.362651 1.079627 0.190361 0.162123
0 1.355422 1.285151 0.233735 0.188666
0 1.355422 1.482425 0.233735 0.188666
0 1.353012 1.650646 0.171084 0.130560
0 1.321687 1.848996 0.233735 0.188666
0 1.155422 0.134505 0.233735 0.188666
0 1.140964 0.315280 0.233735 0.188666
0 1.150602 0.530488 0.233735 0.188666
0 1.148193 0.715925 0.171084 0.130560
0 1.160241 0.896341 0.233735 0.188666
0 1.187952 1.070301 0.171084 0.130560
0 1.148193 1.233142 0.171084 0.130560
0 1.138554 1.437231 0.248193 0.185796
0 1.157831 1.672525 0.248193 0.185796
0 1.121687 1.854735 0.233735 0.188666
0 0.960241 0.128766 0.233735 0.188666
0 0.965060 0.309541 0.233735 0.188666
0 0.953012 0.509326 0.190361 0.159254
0 0.940964 0.727044 0.233735 0.188666
0 0.950602 0.897418 0.214458 0.144907
0 0.948193 1.055237 0.200000 0.147776
0 0.955422 1.227044 0.233735 0.188666
0 0.924096 1.409613 0.190361 0.159254
0 0.926506 1.651004 0.233735 0.188666
0 0.931325 1.836801 0.233735 0.188666
0 0.774699 0.117288 0.233735 0.188666
0 0.760241 0.298063 0.233735 0.188666
0 0.750602 0.512554 0.233735 0.188666
0 0.728916 0.712339 0.190361 0.159254
0 0.750602 0.902080 0.233735 0.188666
0 0.743373 1.078910 0.219277 0.136298
0 0.740964 1.256456 0.233735 0.188666
0 0.731325 1.460545 0.233735 0.226686
0 0.721687 1.653874 0.233735 0.171449
0 0.697590 1.831062 0.233735 0.188666
0 0.579518 0.163917 0.233735 0.188666
0 0.560241 0.338235 0.233735 0.188666
0 0.555422 0.512554 0.233735 0.188666
0 0.545783 0.709828 0.233735 0.188666
0 0.536145 0.896341 0.233735 0.188666
0 0.536145 1.071377 0.233735 0.157102
0 0.531325 1.228838 0.195181 0.162123
0 0.509639 1.442970 0.200000 0.185796
0 0.500000 1.662841 0.209639 0.200861
0 0.478313 1.834290 0.185542 0.136298
0 0.350602 0.158178 0.233735 0.188666
0 0.340964 0.349713 0.233735 0.188666
0 0.321687 0.512554 0.233735 0.188666
0 0.321687 0.709828 0.233735 0.188666
0 0.331325 0.890603 0.233735 0.188666
0 0.316867 1.058465 0.233735 0.188666
0 0.326506 1.244261 0.233735 0.188666
0 0.307229 1.435796 0.233735 0.188666
0 0.292771 1.628049 0.233735 0.188666
0 0.273494 1.807389 0.233735 0.188666
0 0.140964 0.127690 0.166265 0.162123
0 0.148193 0.304878 0.209639 0.144907
0 0.116867 0.524032 0.233735 0.188666
0 0.116867 0.727044 0.233735 0.188666
0 0.116867 0.899928 0.233735 0.195839
0 0.112048 1.050933 0.185542 0.093257
0 0.134940 1.196915 0.212048 0.185796
0 0.121687 1.393831 0.166265 0.139168
0 0.100000 1.607604 0.180723 0.159254
0 0.102410 1.809541 0.175904 0.174319