0 0.717625 0.171121 0.174848 0.124117
0 0.727443 0.289401 0.123422 0.103226
0 0.722768 0.403687 0.143058 0.095238
0 0.726274 0.516283 0.114540 0.099846
0 0.724170 0.645929 0.113137 0.076498
0 0.722066 0.750077 0.120150 0.068510
0 0.563347 0.203072 0.127162 0.132104
0 0.571295 0.361905 0.157083 0.188018
0 0.561244 0.498771 0.106124 0.088172
0 0.574568 0.604916 0.153343 0.133333
0 0.574801 0.703072 0.104254 0.069739
0 0.555867 0.812596 0.158953 0.145008
0 0.430809 0.195545 0.130435 0.086943
0 0.430108 0.284793 0.139317 0.082335
0 0.437588 0.407220 0.141187 0.139171
0 0.427069 0.572811 0.148200 0.169278
0 0.445769 0.709370 0.114540 0.061444
0 0.417952 0.796928 0.139317 0.118587
0 0.295699 0.195392 0.136045 0.121659
0 0.295699 0.327189 0.150070 0.125346
0 0.285180 0.453763 0.157083 0.106298
0 0.274895 0.552227 0.141187 0.092473
0 0.275596 0.640092 0.106124 0.089401
0 0.259000 0.747619 0.111267 0.098618