0 1.678928 0.223368 0.185786 0.158076
0 1.655860 0.422680 0.164589 0.142612
0 1.662095 0.630584 0.197007 0.189003
0 1.632170 0.827320 0.197007 0.159794
0 1.630923 1.035223 0.184539 0.176976
0 1.640898 1.262887 0.154613 0.146048
0 1.640274 1.481959 0.185786 0.171821
0 1.668329 1.694158 0.219451 0.185567
0 1.423317 0.207904 0.183292 0.140893
0 1.425187 0.415808 0.211970 0.175258
0 1.421446 0.626289 0.177057 0.173540
0 1.422693 0.825601 0.194514 0.178694
0 1.432668 1.026632 0.177057 0.182131
0 1.427057 1.242268 0.238155 0.240550
0 1.208229 0.248282 0.211970 0.190722
0 1.205736 0.432990 0.209476 0.156357
0 1.201995 0.613402 0.174564 0.158076
0 1.182668 0.804124 0.185786 0.170103
0 1.205736 0.991838 0.211970 0.148625
0 1.206359 1.162371 0.173317 0.163230
0 1.198254 1.333763 0.241895 0.177835
0 1.209476 1.524055 0.224439 0.225086
0 1.201995 1.729811 0.214464 0.169244
0 0.976309 0.197595 0.147132 0.130584
0 1.002494 0.300258 0.147132 0.110825
0 1.000000 0.432131 0.139651 0.144330
0 0.998130 0.609107 0.185786 0.168385
0 0.990025 0.798969 0.162095 0.152921
0 1.006858 0.988402 0.173317 0.181271
0 0.999377 1.201890 0.153367 0.213058
0 0.980050 1.418385 0.216958 0.207904
0 0.975686 1.634880 0.228180 0.204467
0 0.710723 0.212199 0.164589 0.201031
0 0.723192 0.408076 0.199501 0.207904
0 0.733167 0.597079 0.199501 0.156357
0 0.765586 0.792955 0.164589 0.154639
0 0.785536 0.951031 0.189526 0.156357
0 0.774314 1.096220 0.147132 0.116838
0 0.775561 1.238832 0.189526 0.144330
0 0.771197 1.416667 0.195761 0.214777
0 0.761845 1.652062 0.236908 0.262887
0 0.471322 0.208333 0.234414 0.189863
0 0.516833 0.414089 0.195761 0.130584
0 0.523691 0.598797 0.234414 0.228522
0 0.556733 0.810567 0.190773 0.177835
0 0.536783 0.999141 0.290524 0.214777
0 0.562968 1.225086 0.233167 0.223368
0 0.553616 1.370275 0.164589 0.080756
0 0.524938 1.502577 0.254364 0.204467
0 0.533666 1.678694 0.167082 0.147766
0 0.268703 0.195017 0.158354 0.166667
0 0.267456 0.409364 0.185786 0.177835
0 0.316708 0.600515 0.189526 0.173540
0 0.336658 0.812715 0.194514 0.185567
0 0.330424 1.056701 0.182045 0.213058
0 0.348504 1.263746 0.158354 0.142612
0 0.295511 1.453608 0.221945 0.206186
0 0.302993 1.662801 0.154613 0.177835