0 0.724552 0.158741 0.155928 0.169790
0 0.744186 0.638182 0.136485 0.159720
0 0.729318 0.801538 0.128860 0.159720
0 0.543271 0.143916 0.138010 0.146294
0 0.566336 0.274406 0.110942 0.107413
0 0.574724 0.375385 0.149828 0.101818
0 0.584445 0.471888 0.160884 0.105734
0 0.582348 0.577063 0.109417 0.116364
0 0.398399 0.145594 0.166984 0.108252
0 0.416889 0.290629 0.140679 0.163357
0 0.428898 0.435804 0.135722 0.124196
0 0.425658 0.614545 0.158216 0.247832
0 0.434998 0.815385 0.151735 0.155524
0 0.256195 0.176783 0.146397 0.146014
0 0.262295 0.511888 0.166984 0.184615
0 0.270111 0.698042 0.115517 0.098182