0 0.775206 0.093593 0.097737 0.039012
0 0.773663 0.139406 0.123457 0.048318
0 0.772119 0.175555 0.112140 0.029707
0 0.764918 0.316392 0.128601 0.034359
0 0.772119 0.451861 0.112140 0.062634
0 0.750000 0.507874 0.139918 0.050823
0 0.772634 0.663207 0.117284 0.032928
0 0.763374 0.705619 0.162551 0.054760
0 0.764918 0.745705 0.130658 0.028275
0 0.763374 0.787044 0.148148 0.056550
0 0.755144 0.848425 0.148148 0.071940
0 0.272119 0.053865 0.112140 0.044739
0 0.293210 0.108626 0.172840 0.064066
0 0.302984 0.184681 0.175926 0.065140
0 0.295267 0.247316 0.166667 0.057981
0 0.290123 0.310487 0.189300 0.063350
0 0.290123 0.368110 0.216049 0.061203
0 0.289095 0.443808 0.213992 0.065140
0 0.273148 0.507695 0.177984 0.061918
0 0.281893 0.583930 0.236626 0.077666
0 0.249486 0.663207 0.229424 0.083035
0 0.259774 0.739979 0.223251 0.054760
0 0.248971 0.808697 0.195473 0.079098
0 0.270576 0.877416 0.166667 0.061203