0 0.490932 0.307175 0.079093 0.047646
0 0.500000 0.375841 0.071033 0.063341
0 0.497229 0.569226 0.074559 0.062780
0 0.491436 0.626121 0.084131 0.056614
0 0.404786 0.308296 0.095214 0.070628
0 0.406549 0.377102 0.086650 0.065863
0 0.402519 0.440583 0.075567 0.057175
0 0.392191 0.501682 0.092191 0.056614
0 0.402015 0.566424 0.087657 0.062780
0 0.400252 0.626401 0.082116 0.057175
0 0.306297 0.298487 0.088665 0.049888
0 0.309068 0.362388 0.107305 0.064462
0 0.286398 0.432735 0.097229 0.062220
0 0.290932 0.494114 0.106297 0.048767