0 0.536972 0.473978 0.137324 0.074349
0 0.527582 0.532063 0.134977 0.060409
0 0.505869 0.629182 0.115023 0.124535
0 0.525235 0.749535 0.106808 0.119888
0 0.520540 0.872212 0.106808 0.127323
0 0.522300 1.121747 0.147887 0.135688
0 0.502347 1.272305 0.159624 0.146840
0 0.482394 1.500000 0.115023 0.104089
0 0.372066 1.421004 0.082160 0.100372
0 0.389085 1.521375 0.106808 0.102230
0 0.321596 0.525093 0.122066 0.102230
0 0.316315 0.624535 0.132629 0.100372
0 0.307512 0.715613 0.093897 0.096654
0 0.296362 0.812268 0.104460 0.092937
0 0.302817 1.051115 0.171362 0.113383
0 0.286972 1.459108 0.137324 0.152416
0 0.203638 0.561338 0.132629 0.159851
0 0.184272 0.734665 0.180751 0.155204
0 0.139671 1.112918 0.126761 0.129182
0 0.157277 1.238383 0.145540 0.108736
0 0.154930 1.391264 0.176056 0.195167
0 1.728873 0.171004 0.112676 0.118959
0 1.761737 0.294610 0.112676 0.146840
0 1.791080 0.418680 0.140845 0.131041
0 1.810446 0.552974 0.137324 0.139405
0 1.813380 0.692379 0.152582 0.135688
0 1.825117 0.809944 0.147887 0.106877
0 1.818075 0.916357 0.161972 0.122677
0 1.830986 1.029740 0.122066 0.096654
0 1.825117 1.145911 0.133803 0.139405
0 1.811033 1.420074 0.147887 0.131970
0 1.808685 1.550186 0.143192 0.144981
0 1.823944 1.688662 0.154930 0.143123
0 1.607981 0.177509 0.180751 0.120818
0 1.632629 0.303439 0.157277 0.155204
0 1.645540 0.451673 0.147887 0.137546
0 1.670188 0.590149 0.143192 0.141264
0 1.685446 0.723048 0.126761 0.118959
0 1.691315 0.828067 0.129108 0.120818
0 1.694249 0.969331 0.134977 0.146840
0 1.699531 1.108736 0.145540 0.124535
0 1.686620 1.274164 0.171362 0.174721
0 1.683099 1.439126 0.143192 0.153346
0 1.678404 1.607807 0.122066 0.143123
0 1.529343 0.620818 0.171362 0.169145
0 1.557512 0.774164 0.157277 0.141264
0 1.580986 0.921004 0.152582 0.113383
0 1.568075 1.046468 0.157277 0.126394
0 1.552817 1.380112 0.143192 0.143123
0 1.552817 1.526022 0.176056 0.141264
0 1.355634 0.227695 0.208920 0.117100
0 1.368545 0.353160 0.150235 0.167286
0 1.376174 0.499071 0.165493 0.131970
0 1.380282 0.646840 0.150235 0.126394
0 1.409624 0.788569 0.152582 0.157063
0 1.423709 0.938197 0.133803 0.134758
0 1.419601 1.073420 0.167840 0.146840
0 1.414319 1.204461 0.124413 0.137546
0 1.417254 1.330855 0.156103 0.137546
0 1.399061 1.511152 0.159624 0.163569
0 1.402582 1.653346 0.218310 0.146840
0 1.262324 0.665428 0.134977 0.148699
0 1.261737 0.792286 0.129108 0.108736
0 1.278169 0.930297 0.171362 0.139405
0 1.281690 1.084572 0.145540 0.120818
0 1.289906 1.234201 0.157277 0.141264
0 1.275822 1.394981 0.147887 0.165428
0 1.266432 1.565056 0.154930 0.159851
0 1.119718 0.683086 0.152582 0.165428
0 1.124413 0.873606 0.154930 0.195167
0 1.140845 1.062268 0.173709 0.139405
0 1.143192 1.180297 0.164319 0.126394
0 1.142019 1.346654 0.171362 0.144981
0 1.126761 1.507900 0.154930 0.153346
0 0.916080 0.679833 0.165493 0.129182
0 0.897887 0.816914 0.143192 0.122677
0 0.931338 0.970260 0.228873 0.144981
0 0.904343 1.138011 0.165493 0.179368