0 0.793131 0.122908 0.160277 0.113143
0 0.810969 0.247985 0.141640 0.107874
0 0.812567 0.377867 0.144835 0.120273
0 0.809638 0.479386 0.132588 0.082765
0 0.793930 0.583540 0.144835 0.111283
0 0.812833 0.700868 0.132588 0.094854
0 0.823482 0.763174 0.080405 0.053937
0 0.809372 0.859268 0.151225 0.138252
0 0.645900 0.141042 0.175719 0.152511
0 0.654952 0.260229 0.113951 0.079045
0 0.670660 0.343769 0.126198 0.084315
0 0.669063 0.421885 0.104899 0.071916
0 0.663206 0.522474 0.129393 0.111283
0 0.652023 0.646311 0.132588 0.086175
0 0.663206 0.727216 0.104899 0.068196
0 0.465921 0.150806 0.148030 0.129262
0 0.468850 0.304402 0.197551 0.170490
0 0.487487 0.459392 0.222045 0.122133
0 0.501065 0.561996 0.144835 0.089895
0 0.136315 0.123063 0.161874 0.123993
0 0.121672 0.267669 0.187966 0.147241
0 0.133653 0.430099 0.182109 0.137942
0 0.124867 0.610043 0.163472 0.118413