0 1.551564 0.581276 0.292748 0.273663
0 1.551564 0.849794 0.292748 0.218107
0 1.573520 1.079733 0.267465 0.270576
0 1.616766 1.407407 0.218230 0.257202
0 1.608782 1.678498 0.226214 0.192387
0 1.135063 0.281379 0.279441 0.237654
0 1.151031 0.581276 0.271457 0.290123
0 1.165669 0.906379 0.335329 0.318930
0 1.197605 1.188786 0.364604 0.237654
0 1.224218 1.436214 0.212908 0.216049
0 1.246840 1.683128 0.263473 0.218107
0 0.759814 0.312757 0.258150 0.218107
0 0.777112 0.590535 0.303393 0.279835
0 0.781104 0.907407 0.369927 0.271605
0 0.799734 1.217593 0.332668 0.303498
0 0.383899 0.333333 0.320692 0.263374
0 0.395875 0.647634 0.323353 0.295267
0 0.423154 1.022634 0.271457 0.257202
0 0.436460 1.302469 0.292748 0.292181
0 0.445775 1.548354 0.290086 0.224280
0 0.464405 1.762346 0.274118 0.228395