0 0.789704 0.401235 0.212486 0.214366
0 0.803943 0.625140 0.190581 0.161616
0 0.812705 0.881033 0.170865 0.244669
0 0.824754 1.173401 0.212486 0.234568
0 0.852136 1.391695 0.170865 0.175084
0 0.576123 0.410774 0.205915 0.273850
0 0.576670 0.659933 0.174151 0.237935
0 0.615005 0.909652 0.187295 0.207632
0 0.621030 1.109989 0.179628 0.141414
0 0.657174 1.405163 0.192771 0.323232
0 0.377875 0.416947 0.142388 0.227834
0 0.420591 0.672278 0.157722 0.190797
0 0.407448 0.920314 0.184009 0.251403
0 0.415663 1.159933 0.161008 0.207632
0 0.450164 1.383838 0.212486 0.253648