0 0.900898 0.649786 0.147670 0.122650
0 0.896968 0.742521 0.109489 0.060256
0 0.899495 0.826496 0.114542 0.102564
0 0.754632 0.632051 0.094329 0.092308
0 0.768108 0.775427 0.080853 0.127778
0 0.633633 0.648504 0.140932 0.107265
0 0.651600 0.777564 0.133071 0.101282
0 0.494104 0.644658 0.124649 0.117521
0 0.494104 0.744444 0.104436 0.069231
0 0.507019 0.818803 0.145985 0.066667
0 0.353172 0.633974 0.074116 0.057692
0 0.364121 0.709615 0.116227 0.062821
0 0.346435 0.824145 0.114542 0.158547
0 0.223470 0.634615 0.077485 0.056410
0 0.226839 0.698077 0.090960 0.060256
0 0.209994 0.803419 0.107805 0.097436
0 0.106962 0.642949 0.099382 0.073077
0 0.096856 0.767735 0.126334 0.117521