0 0.766739 0.152489 0.098696 0.082353
0 0.768913 0.241931 0.096957 0.107994
0 0.777391 0.346908 0.113913 0.120664
0 0.766304 0.456561 0.098696 0.079940
0 0.745652 0.544495 0.106957 0.107994
0 0.753913 0.635596 0.126957 0.090498
0 0.748261 0.747511 0.092174 0.105581
0 0.744130 0.843891 0.140435 0.084766
0 0.655217 0.143891 0.126957 0.104374
0 0.658478 0.231825 0.118696 0.079940
0 0.649565 0.338914 0.128696 0.111312
0 0.641304 0.451885 0.121739 0.107994
0 0.634348 0.547662 0.110435 0.073906
0 0.624348 0.633937 0.088696 0.084766
0 0.640435 0.736199 0.120870 0.114932
0 0.634348 0.848115 0.092174 0.097436
0 0.525217 0.133635 0.070435 0.079035
0 0.542609 0.223680 0.092174 0.088386
0 0.529348 0.435445 0.078696 0.066063
0 0.532609 0.539065 0.108696 0.094118
0 0.524348 0.631825 0.085217 0.079940
0 0.531739 0.736652 0.083478 0.079035
0 0.520870 0.848115 0.128696 0.125189
0 0.433913 0.145098 0.092174 0.104374
0 0.447391 0.251735 0.128696 0.118552
0 0.422391 0.354449 0.102174 0.103167
0 0.438261 0.455958 0.113913 0.099849
0 0.410217 0.551131 0.095217 0.076621
0 0.413913 0.633032 0.081739 0.068477
0 0.418478 0.741780 0.142174 0.119457
0 0.411304 0.849170 0.113913 0.106787
0 0.324348 0.142081 0.120870 0.077828
0 0.309348 0.241931 0.120435 0.107994
0 0.326087 0.331071 0.126957 0.068477
0 0.308913 0.439065 0.122174 0.117345
0 0.287609 0.554449 0.116957 0.120664
0 0.297609 0.647813 0.080435 0.070890
0 0.310870 0.731373 0.103478 0.079940
0 0.291087 0.850830 0.096957 0.098643
0 0.219348 0.127451 0.100435 0.097436
0 0.188261 0.311011 0.128696 0.104374
0 0.190652 0.395626 0.100435 0.069683
0 0.189130 0.468024 0.110435 0.054600
0 0.166522 0.551584 0.148696 0.114932
0 0.189130 0.661237 0.130435 0.118250
0 0.188043 0.785973 0.142174 0.158974