0 0.523380 0.290812 0.090180 0.050114
0 0.516366 0.351367 0.078824 0.064920
0 0.517034 0.412680 0.077488 0.055429
0 0.522044 0.477790 0.086172 0.048216
0 0.528056 0.545938 0.080828 0.060744
0 0.526052 0.614655 0.099532 0.057707
0 0.520708 0.683181 0.099532 0.079347
0 0.523714 0.786446 0.097528 0.079347
0 0.388444 0.327449 0.128925 0.089977
0 0.392786 0.400721 0.101536 0.045938
0 0.401470 0.485194 0.132265 0.077449
0 0.406480 0.574222 0.124916 0.081625
0 0.411156 0.656226 0.104876 0.078588
0 0.405812 0.720197 0.075484 0.036446
0 0.414830 0.780752 0.116232 0.070235