0 0.700000 0.112967 0.097787 0.104126
0 0.707646 0.226074 0.149296 0.132753
0 0.727163 0.364300 0.167404 0.118440
0 0.728571 0.499439 0.149296 0.140051
0 0.728571 0.637384 0.138833 0.118440
0 0.745272 0.761156 0.141650 0.136402
0 0.565191 0.151558 0.162173 0.145383
0 0.569014 0.325849 0.128773 0.202638
0 0.567606 0.500000 0.172636 0.145664
0 0.583099 0.671485 0.131187 0.201235
0 0.590543 0.825849 0.121127 0.104126
0 0.409256 0.153522 0.169819 0.170643
0 0.414286 0.314202 0.175050 0.161381
0 0.418511 0.432501 0.115895 0.082515
0 0.410664 0.524137 0.125956 0.093461
0 0.427565 0.637384 0.134004 0.133034
0 0.436217 0.748667 0.115895 0.096829
0 0.441449 0.854617 0.141650 0.118440
0 0.244467 0.179484 0.149296 0.211900
0 0.238229 0.345495 0.156942 0.116756
0 0.256137 0.454252 0.146881 0.104126
0 0.246076 0.571709 0.224145 0.145383
0 0.247082 0.757648 0.174648 0.229862