0 0.741298 0.148284 0.097980 0.113523
0 0.731414 0.271047 0.098840 0.101496
0 0.724108 0.395424 0.085948 0.050455
0 0.728191 0.530067 0.107005 0.090936
0 0.738075 0.669845 0.115599 0.128190
0 0.760421 0.810355 0.119037 0.120563
0 0.619037 0.158258 0.129351 0.137577
0 0.616244 0.270754 0.088526 0.056908
0 0.613881 0.402464 0.094113 0.110883
0 0.602707 0.526987 0.094113 0.128190
0 0.615170 0.671018 0.118178 0.122910
0 0.637086 0.821355 0.115599 0.108536
0 0.508380 0.141390 0.110872 0.109710
0 0.504083 0.268407 0.124624 0.085069
0 0.495488 0.390437 0.110872 0.109710
0 0.495703 0.526694 0.115599 0.098269
0 0.495488 0.654004 0.110872 0.071869
0 0.508810 0.836756 0.124624 0.112936
0 0.383756 0.140070 0.098840 0.097096
0 0.385260 0.268260 0.114740 0.106483
0 0.389128 0.397624 0.105286 0.136404
0 0.379459 0.527574 0.097980 0.094749
0 0.375591 0.655177 0.124624 0.130537
0 0.366781 0.814902 0.129351 0.134937
0 0.247099 0.139337 0.124624 0.133764
0 0.257628 0.266207 0.107005 0.097096
0 0.276107 0.394691 0.107005 0.121737
0 0.254620 0.518040 0.115599 0.136110
0 0.239794 0.663391 0.135797 0.136990
0 0.235926 0.816662 0.137516 0.119097