0 0.379147 0.639535 0.156398 0.034884
0 0.374408 0.691860 0.170616 0.052326
0 0.363744 0.759690 0.163507 0.081395
0 0.379147 0.819767 0.194313 0.034884
0 0.367299 0.874031 0.199052 0.075581
0 0.360190 0.937016 0.151659 0.056202
0 0.368483 0.995155 0.177725 0.046512
0 0.383886 1.055233 0.142180 0.075581
0 0.389810 1.130329 0.163507 0.072674
0 0.395735 1.191376 0.194313 0.053295
0 0.414692 1.250969 0.184834 0.067829
0 0.405213 1.313953 0.203791 0.065891
0 0.407583 1.385659 0.208531 0.077519
0 0.407583 1.448643 0.227488 0.040698
0 0.409953 1.501938 0.218009 0.069767
0 0.383886 1.601744 0.208531 0.054264
0 0.402844 1.678295 0.218009 0.104651
0 0.404028 1.766957 0.177725 0.062984