0 0.767895 0.082182 0.102553 0.072456
0 0.808079 0.228221 0.081624 0.050465
0 0.823148 0.300536 0.102553 0.078940
0 0.822311 0.384127 0.100879 0.072456
0 0.781499 0.849450 0.091252 0.077812
0 0.634366 0.104314 0.135203 0.081195
0 0.660527 0.179447 0.089577 0.066817
0 0.670992 0.245278 0.094600 0.045109
0 0.688154 0.310967 0.096275 0.077812
0 0.691921 0.393149 0.117204 0.082605
0 0.686270 0.467155 0.102553 0.074429
0 0.691293 0.541866 0.105902 0.078940
0 0.678527 0.611503 0.092926 0.062588
0 0.668481 0.691006 0.089577 0.078940