0 1.326190 0.280088 0.290476 0.271335
0 1.314286 0.484683 0.295238 0.150985
0 1.254762 0.645514 0.414286 0.157549
0 1.250000 0.832604 0.328571 0.207877
0 1.254762 1.036652 0.304762 0.154267
0 1.219048 1.231400 0.342857 0.215536
0 1.252381 1.467177 0.304762 0.168490
0 0.902381 0.328228 0.414286 0.262582
0 0.885714 0.574398 0.319048 0.185996
0 0.864286 0.752735 0.290476 0.140044
0 0.833333 0.925602 0.295238 0.179431
0 0.864286 1.119256 0.290476 0.133479
0 0.885714 1.278993 0.319048 0.185996
0 0.890476 1.479212 0.314286 0.157549
0 0.533333 0.264770 0.314286 0.284464
0 0.564286 0.554705 0.376190 0.304158
0 0.554762 0.859956 0.266667 0.240700
0 0.554762 1.155361 0.357143 0.358862
0 0.592857 1.711160 0.623810 0.363239