0 0.725545 0.157116 0.107957 0.131309
0 0.721997 0.254080 0.095793 0.073245
0 0.721744 0.357306 0.110492 0.140038
0 0.713887 0.482163 0.115053 0.112713
0 0.709833 0.639089 0.120122 0.078937
0 0.607704 0.154269 0.117587 0.150664
0 0.598327 0.640797 0.107957 0.068691
0 0.594526 0.708349 0.105423 0.077040
0 0.594780 0.786907 0.100862 0.077040
0 0.500000 0.145541 0.102889 0.114991
0 0.503548 0.285389 0.129245 0.132827
0 0.501014 0.396774 0.100862 0.092979
0 0.497466 0.498292 0.102889 0.102467
0 0.498479 0.586907 0.100862 0.071727
0 0.488849 0.684630 0.095793 0.127514
0 0.495185 0.785769 0.103396 0.080835
0 0.392803 0.761480 0.110492 0.125617
0 0.295996 0.112334 0.098327 0.073624
0 0.186011 0.830361 0.112519 0.102467