0 0.700504 0.144432 0.154445 0.120290
0 0.700504 0.288027 0.148946 0.110522
0 0.712878 0.431482 0.157195 0.120569
0 0.728918 0.564332 0.157195 0.105498
0 0.725940 0.712113 0.102658 0.090706
0 0.738772 0.864778 0.089826 0.089032
0 0.514895 0.148479 0.151696 0.135641
0 0.533685 0.309378 0.162695 0.130338
0 0.543309 0.452135 0.137947 0.115546
0 0.541476 0.576054 0.108616 0.082612
0 0.547204 0.712950 0.130156 0.095730
0 0.584097 0.877058 0.148946 0.140385
0 0.340055 0.122942 0.127406 0.087357
0 0.354950 0.277421 0.151696 0.118895
0 0.340284 0.440413 0.154445 0.105498
0 0.344180 0.590846 0.119157 0.112196
0 0.355179 0.726765 0.135655 0.103824
0 0.362970 0.874546 0.135655 0.128663
0 0.158341 0.130338 0.143446 0.072565
0 0.142301 0.291376 0.143446 0.156852
0 0.167965 0.441250 0.151696 0.110522
0 0.154216 0.588194 0.168194 0.130338
0 0.174610 0.725230 0.175985 0.126989
0 0.174610 0.879570 0.116407 0.092381