0 1.661816 0.213510 0.238392 0.239962
0 1.661816 0.385451 0.182952 0.122815
0 1.659044 0.549362 0.194040 0.167218
0 1.677755 0.709967 0.256410 0.167218
0 1.675676 0.893718 0.191268 0.183278
0 1.674983 1.081719 0.237006 0.196504
0 1.667360 1.282948 0.249480 0.221068
0 1.675676 1.453944 0.169092 0.132263
0 1.650728 1.622579 0.232848 0.195560
0 1.653500 1.810109 0.169092 0.156826
0 1.435204 0.188002 0.153846 0.177610
0 1.416493 0.375059 0.238392 0.198394
0 1.436590 0.551724 0.209286 0.177610
0 1.432432 0.723666 0.162162 0.156826
0 1.448371 0.893718 0.199584 0.145489
0 1.428967 1.075579 0.210672 0.188002
0 1.431739 1.270666 0.221760 0.168162
0 1.411642 1.462447 0.281358 0.217289
0 1.442827 1.651866 0.205128 0.180444
0 1.435897 1.821918 0.224532 0.180444
0 1.200277 0.548418 0.163548 0.153991
0 1.206514 0.729334 0.145530 0.179499
0 1.222453 0.902220 0.207900 0.149268
0 1.214137 1.082664 0.174636 0.194615
0 1.190575 1.290505 0.166320 0.151157
0 1.187803 1.468115 0.171864 0.151157
0 1.203742 1.639112 0.223146 0.175720
0 1.194733 1.804440 0.213444 0.168162
0 0.964657 0.178082 0.213444 0.153991
0 0.939709 0.384506 0.238392 0.217289
0 0.968122 0.569674 0.195426 0.160605
0 0.957727 0.732168 0.166320 0.162494
0 0.959113 0.914502 0.141372 0.164384
0 0.972973 1.086443 0.146916 0.160605
0 0.967429 1.264998 0.163548 0.171941
0 0.965350 1.447331 0.176022 0.175720
0 0.982675 1.622107 0.205128 0.177610
0 0.981289 1.817194 0.169092 0.174776
0 0.729037 0.199339 0.152460 0.166273
0 0.730423 0.380727 0.232848 0.173831
0 0.727651 0.566840 0.158004 0.171941
0 0.729037 0.737837 0.196812 0.175720
0 0.733888 0.908361 0.195426 0.146434
0 0.746362 1.092584 0.156618 0.182333
0 0.727651 1.270666 0.205128 0.153047
0 0.741511 1.443552 0.182952 0.128484
0 0.767845 1.638167 0.196812 0.168162
0 0.736660 1.817667 0.245322 0.183278
0 0.499653 0.552669 0.206514 0.168162
0 0.521830 0.717997 0.176022 0.119036
0 0.506584 0.825697 0.134442 0.092584
0 0.511435 0.933396 0.174636 0.130373
0 0.521137 1.097780 0.180180 0.202173
0 0.534997 1.270666 0.207900 0.168162
0 0.521830 1.450165 0.156618 0.162494
0 0.519058 1.635333 0.164934 0.122815
0 0.501733 1.803968 0.171864 0.167218
0 0.253638 0.232404 0.171864 0.213510
0 0.291060 0.427492 0.196812 0.180444
0 0.280665 0.568729 0.176022 0.134152
0 0.290367 0.740671 0.176022 0.209731
0 0.291060 0.927256 0.196812 0.170997
0 0.300762 1.110061 0.188496 0.179499
0 0.306306 1.651866 0.227304 0.195560
0 0.310464 1.839395 0.177408 0.177610