0 1.554078 0.076011 0.214539 0.152023
0 1.579787 0.379240 0.258865 0.155292
0 1.607270 0.665304 0.278369 0.155292
0 1.631206 0.885166 0.283688 0.130772
0 1.611702 1.116469 0.244681 0.125868
0 1.579787 1.305680 0.230496 0.139763
0 1.560284 1.504700 0.404255 0.178177
0 1.554078 1.637924 0.214539 0.088271
0 1.503546 1.861054 0.234043 0.137311
0 0.328014 0.309767 0.244681 0.178177
0 0.376773 0.636698 0.278369 0.178177
0 0.333333 0.932570 0.248227 0.171639
0 0.351064 1.270127 0.297872 0.150388
0 0.313830 1.565999 0.294326 0.160196