0 1.706721 0.242528 0.171079 0.192997
0 1.707230 0.412468 0.165988 0.141759
0 1.702138 0.591375 0.127291 0.157985
0 1.707739 0.758326 0.144603 0.153715
0 1.698574 0.927412 0.132383 0.122972
0 1.689409 1.099915 0.140530 0.143467
0 1.697556 1.262596 0.169043 0.164816
0 1.686864 1.430401 0.119145 0.136635
0 1.687373 1.603330 0.171079 0.190436
0 1.673116 1.758326 0.169043 0.134927
0 1.531059 0.239966 0.157841 0.136635
0 1.521385 0.414176 0.183299 0.174210
0 1.523422 0.573015 0.152749 0.162254
0 1.525458 0.764304 0.146640 0.141759
0 1.527495 0.937660 0.171079 0.167378
0 1.532587 1.106746 0.154786 0.129804
0 1.530550 1.256618 0.171079 0.146029
0 1.523422 1.419727 0.171079 0.171648
0 1.523422 1.580700 0.152749 0.155423
0 1.519348 1.754056 0.146640 0.157131
0 1.350305 0.280956 0.177189 0.218617
0 1.361507 0.440649 0.122200 0.124680
0 1.366599 0.577284 0.138493 0.141759
0 1.352342 0.781810 0.138493 0.157985
0 1.367617 0.938514 0.179226 0.141759
0 1.354379 1.122972 0.152749 0.199829
0 1.362525 1.282664 0.162933 0.143467
0 1.352342 1.432963 0.138493 0.150299
0 1.370672 1.593510 0.152749 0.174210
0 1.341141 1.757472 0.169043 0.150299
0 1.199593 0.253629 0.162933 0.153715
0 1.210794 0.440649 0.148676 0.153715
0 1.189409 0.592656 0.138493 0.141759
0 1.194501 0.781810 0.152749 0.157985
0 1.195519 0.968403 0.138493 0.153715
0 1.199084 1.126388 0.157841 0.150299
0 1.177189 1.285226 0.146640 0.175918
0 1.195519 1.433817 0.183299 0.138343
0 1.177189 1.590521 0.162933 0.183604
0 1.181263 1.748933 0.130346 0.124680
0 1.044807 0.266439 0.169043 0.167378
0 1.029022 0.428693 0.165988 0.122972
0 1.024949 0.600342 0.119145 0.148591
0 1.026477 0.805295 0.138493 0.181042
0 1.034623 0.966695 0.171079 0.153715
0 1.035642 1.114432 0.160896 0.174210
0 1.036151 1.279675 0.157841 0.157985
0 1.020876 1.444919 0.165988 0.181042
0 1.033096 1.606746 0.119145 0.146029
0 1.018330 1.772844 0.144603 0.182750
0 0.869654 0.274552 0.183299 0.146029
0 0.865580 0.448335 0.158859 0.162254
0 0.854379 0.611016 0.132383 0.157985
0 0.875764 0.795901 0.146640 0.152007
0 0.858452 0.969257 0.146640 0.155423
0 0.864053 1.140051 0.135438 0.136635
0 0.864562 1.285653 0.160896 0.139197
0 0.855397 1.437233 0.138493 0.155423
0 0.852851 1.614005 0.174134 0.211785
0 0.853360 1.775406 0.183299 0.145175
0 0.699593 0.298890 0.152749 0.194705
0 0.703666 0.450897 0.144603 0.136635
0 0.692974 0.612297 0.135438 0.124680
0 0.705703 0.808711 0.132383 0.169086
0 0.696538 0.977797 0.132383 0.169086
0 0.706721 1.139197 0.152749 0.191289
0 0.693483 1.294620 0.169043 0.129804
0 0.700611 1.441930 0.154786 0.178480
0 0.699593 1.606319 0.116090 0.155423
0 0.700611 1.768147 0.138493 0.157985
0 0.529532 0.309991 0.162933 0.169086
0 0.544807 0.489325 0.140530 0.181042
0 0.537678 0.637916 0.130346 0.134927
0 0.536660 0.820666 0.148676 0.148591
0 0.534623 0.964133 0.148676 0.104184
0 0.527495 1.113578 0.179226 0.203245
0 0.526986 1.294620 0.151731 0.186166
0 0.526477 1.444492 0.148676 0.127242
0 0.515275 1.600769 0.154786 0.152861
0 0.509165 1.767720 0.114053 0.122972
0 0.358961 0.310845 0.135438 0.143467
0 0.363544 0.511956 0.185336 0.146029
0 0.358452 0.666524 0.162933 0.157985
0 0.362525 0.858241 0.122200 0.134927
0 0.355397 1.005124 0.152749 0.134927
0 0.365071 1.151153 0.127291 0.143467
0 0.355906 1.309991 0.174134 0.187874
0 0.360489 1.475662 0.154786 0.143467
0 0.356925 1.604611 0.143585 0.131512
0 0.327902 1.770282 0.169043 0.213493
0 0.202648 0.337319 0.140530 0.155423
0 0.202648 0.525619 0.144603 0.146029
0 0.185336 0.720325 0.154786 0.197267
0 0.176171 0.883006 0.148676 0.136635
0 0.186354 1.036721 0.179226 0.175918
0 0.191955 1.192143 0.135438 0.138343