0 0.911267 0.296256 0.053612 0.151982
0 0.914134 0.460903 0.050745 0.194934
0 0.921015 0.677313 0.053612 0.259912
0 0.857081 0.318282 0.054759 0.253304
0 0.858658 0.541850 0.059633 0.211454
0 0.857081 0.735132 0.051319 0.192731
0 0.801462 0.289097 0.052466 0.192731
0 0.801175 0.524229 0.057053 0.273128
0 0.792861 0.732379 0.061640 0.156388
0 0.709576 0.302863 0.047592 0.151982
0 0.716313 0.480176 0.061067 0.220264
0 0.721330 0.698238 0.054472 0.224670
0 0.663274 0.330396 0.059920 0.220264
0 0.667431 0.552863 0.047018 0.229075
0 0.666714 0.745595 0.042144 0.154185
0 0.607225 0.301211 0.059060 0.208150
0 0.600631 0.505507 0.059633 0.218062
0 0.599341 0.725220 0.062787 0.199339
0 0.522649 0.286344 0.057339 0.257709
0 0.521646 0.524229 0.051892 0.222467
0 0.524513 0.729626 0.054759 0.199339
0 0.470183 0.256057 0.057339 0.197137
0 0.467747 0.457599 0.059920 0.205947
0 0.471187 0.685022 0.053039 0.251101
0 0.417861 0.260463 0.051319 0.197137
0 0.411984 0.460903 0.056766 0.203744
0 0.411841 0.695485 0.062213 0.210352
0 0.328125 0.272577 0.064507 0.245595
0 0.339593 0.483480 0.051892 0.180617
0 0.345040 0.693833 0.051892 0.226872
0 0.276233 0.292401 0.053612 0.210352
0 0.273796 0.493392 0.056193 0.187225
0 0.277666 0.716960 0.063933 0.257709
0 0.217317 0.322687 0.065940 0.255507
0 0.211726 0.561674 0.059346 0.229075
0 0.212299 0.753855 0.048452 0.199339
0 0.138188 0.319383 0.048165 0.224670
0 0.134031 0.522577 0.059920 0.201542
0 0.136755 0.743392 0.066514 0.257709
0 0.080132 0.367291 0.051892 0.238987