0 0.580968 0.256455 0.056305 0.066521
0 0.584691 0.323195 0.063751 0.045077
0 0.578176 0.374617 0.059097 0.059519
0 0.580503 0.441575 0.084225 0.064770
0 0.587948 0.508753 0.073057 0.063457
0 0.586319 0.578118 0.067939 0.065646
0 0.586087 0.661269 0.100047 0.089278
0 0.480689 0.485339 0.086552 0.076149
0 0.476966 0.570897 0.087483 0.084464
0 0.486040 0.661050 0.074919 0.080088
0 0.369474 0.295842 0.062355 0.067396
0 0.379479 0.367177 0.094463 0.058643
0 0.369474 0.435011 0.104235 0.073523
0 0.369242 0.496718 0.065612 0.057768
0 0.379246 0.572867 0.095859 0.084026
0 0.367613 0.652079 0.087483 0.072648
0 0.385993 0.718381 0.073057 0.071335