0 1.445848 0.172710 0.393502 0.181298
0 1.422383 0.450382 0.317690 0.293893
0 1.489170 0.770038 0.321300 0.219466
0 1.448556 1.036260 0.326715 0.251908
0 1.474729 1.323473 0.422383 0.267176
0 1.503610 1.593511 0.407942 0.282443
0 0.954874 0.190363 0.407942 0.247137
0 0.986462 0.489981 0.449458 0.300573
0 1.031588 0.823950 0.445848 0.312023
0 1.050542 1.080153 0.469314 0.267176
0 0.998195 1.331107 0.364621 0.242366
0 1.009025 1.596374 0.400722 0.307252
0 0.546029 0.234256 0.424188 0.279580
0 0.546029 0.508111 0.333935 0.254771
0 0.609206 0.830630 0.431408 0.325382
0 0.543321 1.097328 0.371841 0.248092
0 0.575812 1.374046 0.465704 0.274809
0 0.630866 1.628817 0.370036 0.227099