0 1.653701 0.280911 0.225847 0.262473
0 1.640527 0.592191 0.199498 0.268980
0 1.630489 0.890456 0.229611 0.284165
0 1.574655 1.232104 0.213300 0.347072
0 1.609787 1.534165 0.250941 0.265727
0 1.351317 0.281453 0.218319 0.265727
0 1.332497 0.610629 0.220828 0.284165
0 1.349435 0.912148 0.229611 0.275488
0 1.318695 1.247831 0.183187 0.233189
0 1.338770 1.519523 0.210790 0.245119
0 1.043915 0.340564 0.281054 0.336226
0 1.040151 1.272234 0.190715 0.271150
0 1.038896 1.554230 0.215809 0.258134
0 0.734003 0.302061 0.258469 0.328633
0 0.774153 0.687636 0.243413 0.288503
0 0.760351 0.991323 0.215809 0.275488
0 0.770389 1.252169 0.203262 0.228850
0 0.751568 1.562907 0.293601 0.303688
0 0.435383 0.890456 0.173149 0.184382
0 0.451694 1.614967 0.255960 0.253796