0 0.965857 0.594620 0.128983 0.060406
0 0.972686 0.655026 0.142640 0.043417
0 0.989378 0.700330 0.115326 0.033978
0 0.984825 0.751298 0.115326 0.060406
0 0.985584 0.804153 0.132018 0.056630
0 0.990137 0.871638 0.132018 0.074563
0 0.842185 0.610193 0.121396 0.099103
0 0.845220 0.789051 0.142640 0.075507
0 0.846737 0.878716 0.145675 0.073620
0 0.695751 0.590845 0.128983 0.067957
0 0.698786 0.652666 0.165402 0.055687
0 0.704097 0.722983 0.145675 0.067957
0 0.690440 0.803209 0.142640 0.077395
0 0.711684 0.887211 0.130501 0.067957
0 0.557663 0.602643 0.125948 0.082114
0 0.567527 0.682397 0.145675 0.069844
0 0.561457 0.751770 0.121396 0.074563
0 0.552352 0.842850 0.157815 0.094384
0 0.408194 0.608778 0.124431 0.083058
0 0.418816 0.694195 0.136571 0.082114
0 0.411229 0.773006 0.142640 0.084946