0 0.634862 0.100000 0.209174 0.070463
0 0.631193 0.172242 0.234862 0.071174
0 0.633028 0.237011 0.227523 0.061210
0 0.618349 0.298221 0.253211 0.061210
0 0.620183 0.356940 0.212844 0.057651
0 0.609174 0.424555 0.227523 0.071886
0 0.599083 0.509609 0.222018 0.091103
0 0.590826 0.577224 0.209174 0.032740
0 0.600000 0.631317 0.216514 0.072598
0 0.596330 0.689680 0.198165 0.024199
0 0.587156 0.741637 0.212844 0.068327
0 0.585321 0.817082 0.212844 0.076868
0 0.581651 0.892883 0.183486 0.077580
0 0.559633 0.966548 0.198165 0.066904
0 0.577982 1.049110 0.227523 0.086833
0 0.601835 1.111744 0.220183 0.045552
0 0.607339 1.180071 0.245872 0.088256
0 0.615596 1.275089 0.225688 0.097509
0 0.622018 1.369751 0.209174 0.077580
0 0.629358 1.464057 0.216514 0.109609
0 0.638532 1.540214 0.201835 0.032740
0 0.638532 1.596085 0.231193 0.080427
0 0.623853 1.677224 0.220183 0.079004
0 0.616514 1.777224 0.212844 0.119573
0 0.629358 1.893238 0.245872 0.099644