0 1.697898 0.243710 0.225919 0.286125
0 1.679510 0.534148 0.220665 0.291876
0 1.667250 0.827103 0.217163 0.301222
0 1.639229 1.117901 0.224168 0.277498
0 1.615587 1.413372 0.236427 0.316319
0 1.458844 0.251618 0.255692 0.300503
0 1.453590 0.534867 0.238179 0.267434
0 1.441331 0.813803 0.234676 0.287563
0 1.415061 1.113587 0.220665 0.291876
0 1.388792 1.412293 0.241681 0.308411
0 1.213660 0.254493 0.234676 0.284687
0 1.213660 0.546010 0.231173 0.294033
0 1.206655 0.785047 0.241681 0.188354
0 1.194396 1.021208 0.252189 0.279655
0 1.168126 1.432782 0.220665 0.289001
0 0.992995 0.252336 0.227671 0.280374
0 0.961471 0.539899 0.255692 0.277498
0 0.956217 0.812365 0.266200 0.261682
0 0.942207 1.098490 0.266200 0.316319
0 0.931699 1.417326 0.266200 0.312725
0 0.720665 0.256650 0.162872 0.289001
0 0.721541 0.540978 0.245184 0.276779
0 0.697023 0.804457 0.266200 0.254493
0 0.693520 1.115025 0.259194 0.300503
0 0.688266 1.424874 0.273205 0.307692
0 0.469352 0.268152 0.255692 0.300503
0 0.469352 0.553559 0.259194 0.274623
0 0.453590 0.832495 0.213660 0.261682
0 0.444834 1.090582 0.241681 0.260244
0 0.429072 1.437096 0.273205 0.300503