0 1.714961 1.061870 0.173228 0.107241
0 1.729134 1.136572 0.170079 0.043996
0 1.741732 1.187901 0.157480 0.080660
0 1.242520 1.060037 0.198425 0.098075
0 1.226772 1.138405 0.129134 0.054995
0 1.228346 1.181943 0.113386 0.044913
0 1.244094 1.240147 0.144882 0.060495
0 0.389764 0.457837 0.143307 0.072411
0 0.384252 0.532539 0.141732 0.067828
0 0.374016 0.591659 0.137008 0.065078
0 0.355118 0.664528 0.130709 0.075160
0 0.368504 0.836847 0.144882 0.111824
0 0.382677 1.135197 0.185827 0.088909
0 0.402362 1.210816 0.118110 0.078827
0 0.426772 1.291934 0.148031 0.072411