0 0.600901 0.107021 0.304505 0.063404
0 0.584685 0.166809 0.207207 0.065532
0 0.601802 0.222979 0.227027 0.042553
0 0.605405 0.272128 0.212613 0.060000
0 0.622523 0.314255 0.239640 0.032766
0 0.611712 0.347447 0.171171 0.036170
0 0.619820 0.381915 0.183784 0.037021
0 0.600901 0.415745 0.228829 0.037447
0 0.642342 0.462553 0.304505 0.068085
0 0.610811 0.528085 0.259459 0.058723
0 0.583784 0.586596 0.281081 0.055745
0 0.574775 0.650851 0.327928 0.075319
0 0.590991 0.715106 0.277477 0.051489
0 0.572973 0.797021 0.324324 0.092766
0 0.575676 0.886383 0.318919 0.097021