0 0.768447 0.188846 0.161799 0.151017
0 0.770753 0.367524 0.129516 0.184211
0 0.731168 0.545305 0.155650 0.155801
0 0.724251 0.679127 0.117218 0.089713
0 0.731360 0.811453 0.204458 0.177931
0 0.578401 0.143989 0.153728 0.130682
0 0.569370 0.273026 0.155650 0.114833
0 0.546118 0.456489 0.186011 0.176136
0 0.539201 0.619318 0.147579 0.124402
0 0.539008 0.735795 0.135665 0.093002
0 0.541699 0.856310 0.129516 0.151017
0 0.400461 0.120514 0.153728 0.102273
0 0.397387 0.259719 0.143736 0.163577
0 0.391430 0.462919 0.123367 0.141746
0 0.380477 0.638906 0.166026 0.173146
0 0.390277 0.816836 0.177940 0.160586
0 0.242698 0.147129 0.117218 0.139952
0 0.212337 0.318032 0.190238 0.160586
0 0.230592 0.462022 0.169869 0.114833