0 0.170863 0.208137 0.151593 0.154257
0 0.173690 0.345115 0.127441 0.117185
0 0.196043 0.484606 0.176259 0.165567
0 0.205807 0.661797 0.164954 0.159284
0 0.224306 0.800189 0.126927 0.099906
0 0.359712 0.194942 0.134635 0.118442
0 0.368191 0.349827 0.140288 0.131008
0 0.380524 0.486334 0.115622 0.083569
0 0.417523 0.606032 0.128983 0.089224
0 0.400308 0.737826 0.159301 0.125353
0 0.504111 0.178134 0.150051 0.121898
0 0.518243 0.324380 0.144399 0.117185
0 0.538798 0.490889 0.193731 0.155514
0 0.553957 0.677977 0.147996 0.165881
0 0.563720 0.812598 0.186023 0.107760
0 0.704008 0.186302 0.132580 0.112473
0 0.737153 0.349670 0.173176 0.145146
0 0.739466 0.499843 0.159301 0.125039
0 0.736382 0.651901 0.125385 0.099906
0 0.761819 0.790606 0.119733 0.107760