0 1.480321 0.311373 0.273092 0.221176
0 1.515261 0.580392 0.220884 0.250980
0 1.539759 0.840784 0.231325 0.202353
0 1.539759 1.099608 0.213655 0.219608
0 1.532530 1.287843 0.192771 0.174118
0 1.495582 1.527843 0.231325 0.210196
0 1.463454 1.723137 0.250602 0.202353
0 0.892369 0.254118 0.187952 0.224314
0 0.922892 0.428627 0.245783 0.102745
0 0.934137 0.601569 0.229719 0.199216
0 0.922088 0.857255 0.212048 0.246275
0 0.884337 1.093333 0.197590 0.128627
0 0.869880 1.256471 0.263454 0.174118
0 0.843775 1.474902 0.219277 0.214118
0 0.815261 1.712941 0.226506 0.255686
0 0.252209 1.119216 0.171888 0.207059
0 0.243775 1.347451 0.238554 0.181961
0 0.211245 1.623922 0.236145 0.283137
0 0.109237 0.200392 0.109237 0.123137
0 0.212048 0.201569 0.115663 0.117647
0 0.338956 0.192157 0.157430 0.134902
0 0.144578 0.383529 0.118876 0.155294
0 0.253815 0.389020 0.128514 0.153725
0 0.358233 0.390196 0.122088 0.159216
0 0.159438 0.570588 0.122892 0.138824
0 0.263052 0.570980 0.098795 0.149020
0 0.372691 0.573333 0.096386 0.133333
0 0.170281 0.725490 0.138153 0.130196
0 0.302008 0.730588 0.131727 0.121569
0 0.400402 0.728627 0.103614 0.073725
0 0.169478 0.879608 0.091566 0.121569
0 0.294779 0.883922 0.142972 0.114510