0 0.678140 0.078889 0.184186 0.100889
0 0.678605 0.196222 0.166512 0.104444
0 0.668372 0.298444 0.168372 0.086667
0 0.692558 0.410444 0.166512 0.132000
0 0.660465 0.519111 0.241860 0.092444
0 0.673023 0.609333 0.209302 0.091556
0 0.666512 0.728889 0.168372 0.097778
0 0.681860 0.837556 0.206512 0.109778
0 0.519070 0.073778 0.145116 0.092444
0 0.515349 0.187111 0.145116 0.098667
0 0.507442 0.294000 0.160930 0.100000
0 0.511628 0.414222 0.206512 0.120889
0 0.481860 0.521111 0.146977 0.100000
0 0.483721 0.617333 0.158140 0.096000
0 0.488837 0.727111 0.173953 0.094222
0 0.467442 0.824444 0.164651 0.088889
0 0.346047 0.066667 0.186047 0.090667
0 0.343256 0.187778 0.184186 0.124000
0 0.337674 0.300444 0.187907 0.092444
0 0.322791 0.401556 0.193488 0.104444
0 0.295349 0.513333 0.160930 0.091556
0 0.286512 0.610222 0.189767 0.093333
0 0.273488 0.721556 0.184186 0.101778
0 0.274884 0.832222 0.181395 0.108000