0 1.284549 0.308553 0.133397 0.115108
0 1.278791 0.410072 0.116123 0.107114
0 1.250960 0.537170 0.116123 0.116707
0 1.238484 0.643086 0.116123 0.104716
0 1.228407 0.739808 0.105566 0.101519
0 1.215931 0.815348 0.097889 0.054357
0 1.214012 0.872102 0.101727 0.067146
0 1.214012 0.935252 0.109405 0.076739
0 1.211132 1.015188 0.119002 0.095923
0 1.206334 1.099920 0.082534 0.083133
0 1.211612 1.175460 0.108445 0.069544
0 1.208253 1.257794 0.113244 0.090328
0 1.209213 1.363309 0.115163 0.101519
0 1.225528 1.448441 0.107486 0.089528
0 1.232246 1.534373 0.111324 0.096723
0 1.249520 1.616307 0.099808 0.071942
0 1.255278 1.673062 0.095969 0.049560
0 1.259117 1.734612 0.111324 0.079936
0 1.274472 1.801759 0.099808 0.060751
0 1.291747 1.864109 0.099808 0.068745
0 0.485605 0.475620 0.124760 0.063949
0 0.466411 0.543565 0.138196 0.084732
0 0.461612 0.633893 0.124760 0.092726
0 0.453935 0.733014 0.109405 0.108713
0 0.453455 0.811351 0.104607 0.075140
0 0.452975 0.875300 0.111324 0.068745
0 0.456814 0.944045 0.119002 0.075140
0 0.452015 1.048761 0.117083 0.110312
0 0.457294 1.139888 0.095010 0.044764
0 0.465451 1.203038 0.101727 0.073541
0 0.480806 1.278177 0.109405 0.068745
0 0.468330 1.348521 0.084453 0.075140
0 0.471689 1.406875 0.106526 0.051159