0 0.512792 0.192145 0.048943 0.020270
0 0.502225 0.214105 0.050056 0.021959
0 0.501112 0.237542 0.050056 0.024916
0 0.502781 0.267525 0.075640 0.035051
0 0.260289 0.177787 0.086763 0.038007
0 0.269188 0.222340 0.117909 0.041807
0 0.277531 0.266892 0.107898 0.045608
0 0.504449 0.389992 0.090100 0.030828
0 0.501112 0.432644 0.087875 0.041807
0 0.500000 0.480574 0.112347 0.046453
0 0.503893 0.532095 0.082314 0.035473
0 0.510011 0.582981 0.092325 0.047720
0 0.508899 0.642948 0.110122 0.045186
0 0.276974 0.360642 0.093437 0.049831
0 0.276974 0.416174 0.106785 0.045186
0 0.284205 0.464527 0.114572 0.046453
0 0.280311 0.521748 0.122358 0.052787
0 0.274194 0.578970 0.125695 0.047297
0 0.272525 0.641470 0.135706 0.060811