0 1.540682 0.224215 0.430446 0.098655
0 1.565617 0.307175 0.364829 0.076233
0 1.574803 0.388789 0.293963 0.085202
0 1.606299 0.466368 0.267717 0.057399
0 1.585302 0.514798 0.236220 0.050224
0 1.597113 0.576682 0.275591 0.068161
0 1.595801 0.638565 0.283465 0.060987
0 1.582677 0.702242 0.257218 0.084305
0 1.577428 0.762780 0.257218 0.054709
0 1.559055 0.827803 0.272966 0.077130
0 1.524934 0.907175 0.288714 0.085202
0 1.490814 0.983857 0.267717 0.080717
0 1.448819 1.052018 0.262467 0.069955
0 0.608924 1.263677 0.409449 0.177578
0 0.614173 1.420628 0.435696 0.154260
0 0.568241 1.548879 0.454068 0.123767
0 0.543307 1.685202 0.404199 0.159641
0 0.493438 1.817937 0.372703 0.109417
0 1.450131 1.563229 0.454068 0.152466
0 1.398950 1.678924 0.362205 0.104036