0 1.716438 0.218170 0.216438 0.187774
0 1.676712 0.500507 0.175342 0.222898
0 1.686301 0.732861 0.246575 0.190476
0 1.658904 0.942925 0.257534 0.178318
0 1.732877 1.183046 0.210959 0.208713
0 1.653425 1.385343 0.254795 0.163458
0 1.674658 1.569740 0.204110 0.170213
0 1.428767 0.237082 0.265753 0.201283
0 1.421918 0.474164 0.279452 0.243161
0 1.420548 0.729821 0.265753 0.257345
0 1.398630 0.958122 0.238356 0.181695
0 1.371233 1.161770 0.232877 0.189125
0 1.388356 1.396488 0.245205 0.228977
0 1.368493 1.592705 0.254795 0.176967
0 1.152740 0.240459 0.261644 0.203985
0 1.143836 0.472138 0.183562 0.158055
0 1.149315 0.688956 0.227397 0.175616
0 1.123288 0.946640 0.183562 0.158730
0 1.136986 1.181358 0.241096 0.241810
0 1.112329 1.385343 0.186301 0.171564
0 1.102055 1.617697 0.275342 0.226950
0 0.920548 0.245187 0.227397 0.195880
0 0.902740 0.460655 0.265753 0.185073
0 0.883562 0.697062 0.227397 0.191827
0 0.866438 0.943600 0.198630 0.149949
0 0.845205 1.179669 0.276712 0.219520
0 0.856164 1.396825 0.200000 0.198582
0 0.832877 1.602499 0.169863 0.189801
0 0.686301 0.227626 0.197260 0.155353
0 0.631507 0.479230 0.128767 0.219520
0 0.623973 0.720702 0.267123 0.201283
0 0.615068 0.946977 0.178082 0.212091
0 0.571233 1.172239 0.210959 0.154677
0 0.579452 1.388045 0.282192 0.216143
0 0.567123 1.614319 0.254795 0.189125
0 0.409589 0.252617 0.238356 0.194529
0 0.397260 0.486322 0.186301 0.172915
0 0.391781 0.731510 0.235616 0.179669
0 0.354795 0.931442 0.254795 0.187774
0 0.331507 1.167173 0.213699 0.221547
0 0.327397 1.381966 0.238356 0.170213
0 0.294521 1.583924 0.238356 0.201283