0 0.817818 0.149983 0.110110 0.081626
0 0.805305 0.215653 0.090090 0.071213
0 0.811812 0.293584 0.102102 0.081962
0 0.790791 0.386295 0.108108 0.098085
0 0.774775 0.488411 0.104104 0.103460
0 0.755756 0.593886 0.110110 0.107491
0 0.736737 0.705408 0.136136 0.096742
0 0.734735 0.810883 0.112112 0.100773
0 0.683684 0.152167 0.126126 0.114209
0 0.660661 0.261337 0.128128 0.114209
0 0.641642 0.386967 0.138138 0.115553
0 0.623624 0.501176 0.102102 0.096742
0 0.606607 0.611354 0.148148 0.115553
0 0.587588 0.715485 0.106106 0.092711
0 0.578579 0.814243 0.112112 0.107491
0 0.539540 0.186093 0.114114 0.146456
0 0.507508 0.325831 0.130130 0.157205
0 0.460460 0.457508 0.108108 0.081962
0 0.441441 0.563655 0.134134 0.103460
0 0.433433 0.670474 0.122122 0.107491
0 0.425425 0.794088 0.122122 0.131676
0 0.388388 0.176016 0.116116 0.096742
0 0.357357 0.280148 0.126126 0.114209
0 0.368869 0.379913 0.120120 0.106147
0 0.314314 0.491770 0.100100 0.085993