0 1.221975 0.606061 0.115813 0.087121
0 1.223460 0.841856 0.178174 0.183712
0 1.242762 1.066288 0.163326 0.149621
0 1.235338 1.275095 0.225687 0.178977
0 1.227914 1.457386 0.148478 0.157197
0 1.015590 0.645833 0.172235 0.189394
0 1.005939 0.864110 0.179659 0.186553
0 0.997773 1.074337 0.187082 0.171402
0 1.034150 1.269886 0.167780 0.176136
0 1.020787 1.500000 0.218263 0.191288
0 0.772086 0.642992 0.210839 0.157197
0 0.808463 0.824337 0.158872 0.091856
0 0.807721 0.925189 0.136600 0.111742
0 0.823311 1.081439 0.155902 0.134470
0 0.818857 1.286932 0.194506 0.206439
0 0.810690 1.487216 0.234595 0.178977
0 0.568671 0.643466 0.124722 0.146780
0 0.576095 0.891098 0.237565 0.221591
0 0.596882 1.094697 0.225687 0.193182
0 0.619154 1.305398 0.210839 0.171402
0 0.607275 1.484848 0.190052 0.162879
0 0.347439 0.669981 0.172235 0.171402
0 0.378619 0.875000 0.163326 0.149621
0 0.390497 1.109848 0.175204 0.181818
0 0.373422 1.301136 0.194506 0.176136
0 0.393467 1.529830 0.225687 0.196023