0 1.774950 0.451006 0.126747 0.242700
0 1.772954 0.654121 0.106786 0.124594
0 1.769960 0.895522 0.116766 0.181700
0 1.766467 1.130435 0.135729 0.220636
0 1.755489 1.375730 0.113772 0.220636
0 1.756986 1.643089 0.090818 0.127190
0 1.621756 0.438676 0.135729 0.186892
0 1.603293 0.650227 0.116766 0.184296
0 1.603293 0.905905 0.092814 0.153147
0 1.605289 1.099286 0.128743 0.225827
0 1.606786 1.348475 0.151697 0.218040
0 1.610778 1.556781 0.151697 0.208955
0 1.460579 0.399091 0.102794 0.206360
0 1.455090 0.617781 0.123752 0.189487
0 1.457086 0.909150 0.135729 0.229721
0 1.463074 1.138222 0.141717 0.228423
0 1.463074 1.346528 0.119760 0.177807
0 1.400200 1.575600 0.141717 0.228423
0 1.286926 0.388060 0.136727 0.210253
0 1.295409 0.606100 0.163673 0.210253
0 1.301397 0.835172 0.117764 0.159637
0 1.283433 1.056457 0.145709 0.197274
0 1.259481 1.266710 0.167665 0.225827
0 1.245010 1.582090 0.152695 0.277742
0 1.144212 0.398443 0.152695 0.189487
0 1.147705 0.632057 0.131737 0.264763
0 1.148703 0.896820 0.121756 0.241402
0 1.133733 1.117456 0.125749 0.220636
0 1.106786 1.336794 0.129741 0.205062
0 1.086826 1.563920 0.169661 0.319273
0 0.997006 0.369890 0.169661 0.205062
0 0.995010 0.579494 0.153693 0.164828
0 0.993014 0.820247 0.181637 0.280337
0 0.980040 1.091499 0.155689 0.251785
0 0.957086 1.304348 0.163673 0.181700
0 0.917665 1.543803 0.116766 0.206360
0 0.837325 0.386113 0.105788 0.190785
0 0.845309 0.600909 0.101796 0.163530
0 0.817365 0.829332 0.173653 0.231019
0 0.826347 1.056457 0.139721 0.176509
0 0.790419 1.290071 0.107784 0.197274
0 0.739521 1.501622 0.103792 0.173913
0 0.675649 0.367943 0.173653 0.164828
0 0.665669 0.587930 0.131737 0.205062
0 0.676647 0.827385 0.115768 0.224530
0 0.659182 1.064893 0.156687 0.289422
0 0.613772 1.280986 0.105788 0.163530
0 0.574850 1.491239 0.193613 0.295912
0 0.464571 0.384166 0.166667 0.259572
0 0.472555 0.629461 0.136727 0.215445
0 0.452096 0.838417 0.119760 0.197274
0 0.427645 1.054510 0.128743 0.240104
0 0.417166 1.250487 0.127745 0.138871
0 0.371257 1.453602 0.131737 0.295912
0 0.305389 0.414017 0.143713 0.223232
0 0.302395 0.624270 0.113772 0.184296
0 0.298403 0.817002 0.173653 0.216742
0 0.287425 1.040234 0.115768 0.190785
0 0.271457 1.235561 0.129741 0.228423
0 0.228543 1.447112 0.177645 0.225827