0 1.202860 0.186772 0.268097 0.160566
0 1.249330 0.446755 0.271671 0.204659
0 1.295800 0.703827 0.318141 0.199667
0 1.319035 0.980033 0.278820 0.171381
0 1.349419 1.236273 0.339589 0.202995
0 1.394102 1.464226 0.271671 0.129784
0 1.369080 1.739185 0.310992 0.197171
0 0.904379 0.192180 0.250223 0.181364
0 0.934763 0.455075 0.310992 0.199667
0 0.941912 0.700499 0.278820 0.209651
0 0.965147 1.031614 0.350313 0.176373
0 0.971403 1.256240 0.384272 0.232945
0 0.902592 1.506656 0.268097 0.173045
0 0.966935 1.770383 0.328865 0.212978
0 0.653262 0.169717 0.284182 0.204659
0 0.623771 0.430116 0.268097 0.134775
0 0.600536 0.693012 0.207328 0.194676
0 0.529937 0.966722 0.234138 0.186356
0 0.541555 1.207987 0.268097 0.212978
0 0.477212 1.485025 0.228776 0.168053
0 0.504021 1.728785 0.307417 0.176373