0 0.558882 0.843352 0.239521 0.072860
0 0.585828 0.895264 0.189621 0.034608
0 0.581836 0.946266 0.245509 0.067395
0 0.607784 1.034153 0.185629 0.064663
0 0.614770 1.077413 0.191617 0.012750
0 0.624750 1.107923 0.171657 0.046448
0 0.612774 1.167577 0.211577 0.072860
0 0.626747 1.235883 0.263473 0.065574
0 0.606786 1.303279 0.199601 0.076503
0 0.626747 1.424863 0.255489 0.042805
0 0.642715 1.467668 0.215569 0.044627
0 0.596806 1.518215 0.275449 0.052823
0 0.600798 1.567395 0.235529 0.049180
0 0.616766 1.620219 0.287425 0.065574
0 0.574850 1.676685 0.235529 0.052823
0 0.607784 1.750911 0.261477 0.093807
0 0.592814 1.825137 0.171657 0.058288
0 0.598802 1.899818 0.247505 0.091075