0 0.778602 0.155131 0.105932 0.143198
0 0.770392 0.282220 0.083157 0.106205
0 0.767214 0.399761 0.096928 0.083532
0 0.766419 0.507757 0.116525 0.092681
0 0.761917 0.625895 0.075742 0.092681
0 0.765095 0.710223 0.093750 0.048926
0 0.766155 0.765911 0.102225 0.064837
0 0.765360 0.866547 0.111229 0.128481
0 0.617850 0.161695 0.120233 0.130072
0 0.621292 0.292761 0.105932 0.118536
0 0.604608 0.391209 0.086335 0.084726
0 0.607256 0.510342 0.109640 0.135243
0 0.614407 0.633652 0.116525 0.095465
0 0.610964 0.742641 0.120233 0.103421
0 0.610699 0.809268 0.137712 0.022673
0 0.610699 0.867144 0.137712 0.103421
0 0.458422 0.145982 0.125530 0.087510
0 0.457892 0.268894 0.126589 0.119332
0 0.453655 0.355410 0.102225 0.044948
0 0.445710 0.416269 0.107521 0.074383
0 0.450477 0.506563 0.112818 0.084726
0 0.458951 0.616547 0.130826 0.111376
0 0.454449 0.744431 0.121822 0.126094
0 0.461864 0.867343 0.100636 0.100636
0 0.311706 0.146977 0.114936 0.124503
0 0.302966 0.271082 0.079449 0.102228
0 0.297405 0.390016 0.121292 0.105410
0 0.296875 0.517900 0.102225 0.083532
0 0.300318 0.630668 0.095339 0.088703
0 0.300053 0.747812 0.102225 0.103421
0 0.292373 0.867940 0.102754 0.107399
0 0.143008 0.159905 0.105932 0.131265
0 0.134269 0.284407 0.102225 0.083532
0 0.136123 0.384447 0.084746 0.130072
0 0.139566 0.519690 0.087394 0.118934
0 0.151748 0.637828 0.081038 0.124503
0 0.150159 0.745625 0.088453 0.094272
0 0.155456 0.863763 0.152013 0.152347