0 0.666585 0.151463 0.127504 0.157659
0 0.674402 0.301377 0.140205 0.136661
0 0.653151 0.446472 0.162189 0.126678
0 0.625305 0.608606 0.129946 0.152151
0 0.601124 0.779690 0.111871 0.106024
0 0.504397 0.122547 0.140205 0.109466
0 0.483390 0.259208 0.172447 0.177625
0 0.473376 0.420654 0.133854 0.129432
0 0.468490 0.559036 0.155349 0.128744
0 0.453346 0.668503 0.130923 0.094320
0 0.442599 0.813941 0.134831 0.173150
0 0.320713 0.119105 0.173425 0.114974
0 0.304592 0.374871 0.148999 0.172117
0 0.291891 0.520482 0.131412 0.103959
0 0.280166 0.663683 0.169516 0.131497
0 0.282609 0.811188 0.148999 0.142169