0 0.594155 0.186141 0.094547 0.065245
0 0.584151 0.328358 0.069831 0.104051
0 0.576304 0.419616 0.056493 0.066525
0 0.590820 0.492751 0.074539 0.077186
0 0.588858 0.578465 0.066693 0.096802
0 0.593370 0.691045 0.089055 0.137740
0 0.471754 0.437953 0.092193 0.124520
0 0.469988 0.547974 0.069047 0.090405
0 0.470184 0.612367 0.049039 0.043497
0 0.471165 0.693817 0.091016 0.121962
0 0.358768 0.153518 0.097685 0.075053
0 0.372303 0.238593 0.093370 0.102772
0 0.363868 0.324307 0.063162 0.044776
0 0.376226 0.387207 0.087878 0.092964
0 0.383876 0.465672 0.054531 0.061407
0 0.392115 0.571855 0.084347 0.136461