0 0.407112 0.505313 0.078479 0.088204
0 0.404660 0.603613 0.078479 0.082891
0 0.399755 0.690755 0.068670 0.085016
0 0.442673 0.888417 0.110362 0.085016
0 0.501533 1.002125 0.085837 0.065887
0 0.510116 1.080765 0.107909 0.112646
0 0.508890 1.187035 0.095647 0.074389
0 0.491723 1.290117 0.071122 0.085016
0 0.503372 1.386823 0.077253 0.078640
0 0.526058 1.507970 0.085837 0.104145
0 0.723483 0.895855 0.127529 0.110521
0 0.725935 1.000531 0.127529 0.092455
0 0.732066 1.093518 0.117719 0.085016
0 0.705702 1.195537 0.131208 0.099894
0 0.695279 1.264612 0.112814 0.046759