0 1.603567 0.345756 0.164609 0.204969
0 1.588477 0.541408 0.181070 0.157350
0 1.592593 0.736025 0.172840 0.155280
0 1.585734 1.106625 0.192044 0.200828
0 1.576132 1.243271 0.109739 0.047619
0 1.561043 1.388199 0.219479 0.219462
0 1.605624 1.634576 0.341564 0.273292
0 1.178326 0.348861 0.233196 0.217391
0 1.209877 0.561077 0.181070 0.165631
0 1.167353 0.787785 0.244170 0.221532
0 1.155693 1.036232 0.212620 0.209110
0 1.164609 1.242236 0.244170 0.202899
0 1.135802 1.442547 0.274348 0.203934
0 1.157750 1.664596 0.255144 0.219462
0 0.791495 0.312629 0.145405 0.180124
0 0.788752 0.668737 0.310014 0.358178
0 0.787380 1.023810 0.318244 0.343685
0 0.803841 1.362319 0.310014 0.335404
0 0.782579 1.659420 0.283951 0.269151
0 0.404664 0.354555 0.235940 0.216356
0 0.410837 0.651139 0.358025 0.265010
0 0.381344 0.929607 0.244170 0.281573
0 0.388889 1.186335 0.204390 0.215321
0 0.404664 1.731884 0.181070 0.089027
0 0.419753 1.629400 0.126200 0.138716
0 0.438957 1.425466 0.224966 0.262940