0 0.406176 0.115702 0.432304 0.080808
0 0.382423 0.185950 0.375297 0.062443
0 0.416865 0.256198 0.401425 0.056933
0 0.407363 0.289715 0.263658 0.034894
0 0.427553 0.340450 0.432304 0.070248
0 0.432304 0.390496 0.275534 0.030762
0 0.453682 0.439853 0.380048 0.055096
0 0.414489 0.501837 0.311164 0.044995
0 0.408551 0.541781 0.342043 0.026630
0 0.432304 0.600321 0.380048 0.060147
0 0.442993 0.652663 0.391924 0.039945
0 0.419240 0.695363 0.311164 0.060147
0 0.446556 0.778926 0.384798 0.088613
0 0.457245 0.833333 0.363420 0.029385