0 0.749232 0.218271 0.092934 0.129898
0 0.736559 0.378620 0.102919 0.141397
0 0.723502 0.521295 0.079877 0.131175
0 0.719278 0.673339 0.085253 0.147359
0 0.637097 0.214864 0.079109 0.141823
0 0.627496 0.374361 0.089094 0.137138
0 0.621352 0.523637 0.101382 0.117973
0 0.605991 0.676107 0.096774 0.148637
0 0.519201 0.222956 0.093702 0.148637
0 0.516129 0.374787 0.087558 0.137990
0 0.511137 0.521721 0.091398 0.127768
0 0.494240 0.671635 0.085253 0.146508
0 0.399386 0.221891 0.104455 0.144804
0 0.402458 0.372658 0.081413 0.124361