0 0.759146 0.172727 0.143496 0.163636
0 0.756707 0.312825 0.093089 0.093182
0 0.781301 0.468831 0.137398 0.174026
0 0.755691 0.659578 0.113008 0.145779
0 0.767683 0.840747 0.167073 0.152273
0 0.603862 0.259578 0.100407 0.108117
0 0.608537 0.398377 0.155285 0.142857
0 0.607317 0.573052 0.121951 0.167532
0 0.612195 0.772240 0.136585 0.113312
0 0.404878 0.189773 0.146341 0.147078
0 0.414837 0.335227 0.132927 0.132143
0 0.427236 0.543994 0.131707 0.242532
0 0.434553 0.765422 0.137398 0.186039
0 0.214634 0.187013 0.130894 0.137013
0 0.233537 0.363636 0.158130 0.194805
0 0.219512 0.580032 0.180488 0.139935
0 0.221748 0.728084 0.174390 0.160065
0 0.277642 0.850649 0.114634 0.096753