0 1.359961 0.277451 0.317554 0.241176
0 1.425049 0.629412 0.337278 0.278431
0 1.475345 0.898039 0.299803 0.282353
0 1.516765 1.160784 0.216963 0.188235
0 1.579882 1.459804 0.398422 0.292157
0 1.055227 0.342157 0.264300 0.229412
0 1.104536 0.598039 0.268245 0.192157
0 1.129191 0.867647 0.317554 0.284314
0 1.228797 1.140196 0.398422 0.237255
0 1.202170 1.442157 0.360947 0.296078
0 0.723866 0.333333 0.280079 0.215686
0 0.759369 0.593137 0.272189 0.186275
0 0.819527 0.880392 0.305720 0.274510
0 0.875740 1.141176 0.315582 0.235294
0 0.896450 1.414706 0.293886 0.260784
0 0.407298 0.339216 0.274162 0.215686
0 0.444773 0.649020 0.301775 0.250980
0 0.542406 1.159804 0.232742 0.178431
0 0.601578 1.423529 0.248521 0.117647