0 0.989822 0.759907 0.157761 0.072727
0 0.989822 0.877855 0.152672 0.088578
0 0.986005 0.986480 0.134860 0.078322
0 1.013995 1.096503 0.165394 0.078322
0 0.994911 1.205594 0.157761 0.072727
0 0.989822 1.314685 0.142494 0.076457
0 1.000000 1.422844 0.157761 0.070862
0 1.025445 1.532867 0.157761 0.070862
0 0.694656 0.762704 0.157761 0.070862
0 0.740458 0.868998 0.157761 0.070862
0 0.725191 0.981818 0.157761 0.070862
0 0.753181 1.099301 0.157761 0.070862
0 0.740458 1.208392 0.157761 0.070862
0 0.753181 1.314685 0.157761 0.070862
0 0.755725 1.428438 0.157761 0.070862
0 0.750636 1.535664 0.157761 0.070862