0 1.482821 0.217047 0.462929 0.191564
0 1.503617 0.445518 0.453888 0.235501
0 1.513562 0.672232 0.394213 0.179262
0 1.526221 0.895431 0.408680 0.216169
0 1.539783 1.058875 0.359855 0.145870
0 1.540687 1.217926 0.441230 0.207381
0 0.785714 0.223199 0.482821 0.186292
0 0.782098 0.400264 0.424955 0.190685
0 0.869801 0.611599 0.408680 0.212654
0 0.858951 0.848858 0.401447 0.195079
0 0.873418 1.049209 0.386980 0.154657
0 0.889693 1.251318 0.336347 0.216169
0 0.860759 1.490334 0.271248 0.230228
0 0.875226 1.638401 0.433996 0.071178
0 0.282098 0.353691 0.361664 0.264499
0 1.429476 1.847979 0.175407 0.093146
0 1.260398 1.845782 0.191682 0.085237
0 1.096745 1.843146 0.139241 0.097540
0 0.942134 1.829525 0.162749 0.087873