0 0.717758 0.179833 0.064685 0.086213
0 0.723584 0.255412 0.065890 0.074060
0 0.728003 0.346753 0.077139 0.085074
0 0.743270 0.498291 0.085175 0.170148
0 0.756930 0.669768 0.077943 0.119635
0 0.763158 0.783327 0.084773 0.108242
0 0.618521 0.137296 0.088791 0.089252
0 0.626557 0.248386 0.124146 0.129130
0 0.632382 0.350741 0.090800 0.078618
0 0.659100 0.668819 0.129771 0.132928
0 0.652672 0.801747 0.112897 0.115458
0 0.513660 0.160843 0.094415 0.129510
0 0.519285 0.258261 0.064685 0.075199
0 0.516472 0.356058 0.088791 0.096088
0 0.528526 0.505697 0.105665 0.157615
0 0.558256 0.817319 0.094415 0.115458
0 0.400161 0.178504 0.096424 0.167869
0 0.412415 0.313331 0.083166 0.108621
0 0.435115 0.513863 0.096424 0.183821
0 0.441543 0.688758 0.102049 0.152298
0 0.439936 0.822826 0.072318 0.101405
0 0.447971 0.915306 0.092407 0.091151
0 0.304741 0.182871 0.112897 0.099886
0 0.315589 0.274212 0.075934 0.085834
0 0.324628 0.361185 0.090800 0.092670
0 0.325030 0.514432 0.109281 0.175085
0 0.339695 0.655146 0.105665 0.092670
0 0.210125 0.252564 0.098031 0.109381
0 0.215548 0.406381 0.112897 0.212685
0 0.209120 0.566084 0.059060 0.089252
0 0.204902 0.650209 0.083568 0.088872
0 0.240659 0.770224 0.114906 0.143562
0 0.243471 0.886631 0.079550 0.089252