0 1.782322 0.365152 0.115215 0.257576
0 1.654354 0.362121 0.135444 0.209091
0 1.644239 0.592424 0.101143 0.251515
0 1.629727 0.915152 0.117854 0.381818
0 1.633685 1.196970 0.129288 0.139394
0 1.520668 0.390909 0.133685 0.224242
0 1.516271 0.612121 0.149516 0.206061
0 1.501759 0.824242 0.129288 0.242424
0 1.503958 1.113636 0.133685 0.348485
0 1.388742 0.354545 0.096746 0.224242
0 1.383026 0.622727 0.129288 0.300000
0 1.389182 1.124242 0.104661 0.284848
0 1.266051 0.336364 0.143360 0.139394
0 1.133245 0.366667 0.127529 0.218182
0 1.129288 0.616667 0.137203 0.300000
0 1.133685 0.893939 0.124890 0.236364
0 1.127089 1.159091 0.127529 0.300000
0 1.001759 0.389394 0.098505 0.209091
0 1.008795 0.624242 0.100264 0.230303
0 1.020229 0.930303 0.087951 0.369697
0 0.898857 0.400000 0.098505 0.230303
0 0.909411 0.648485 0.094987 0.224242
0 0.913808 0.828788 0.109059 0.166667
0 0.919085 1.115152 0.119613 0.375758
0 0.787599 0.412121 0.115215 0.278788
0 0.790677 0.718182 0.138962 0.278788
0 0.798593 1.051515 0.105541 0.375758
0 0.662269 0.484848 0.123131 0.357576
0 0.670185 0.757576 0.135444 0.193939
0 0.671064 1.036364 0.117854 0.290909
0 0.541777 0.480303 0.105541 0.306061
0 0.538259 0.739394 0.133685 0.193939
0 0.547054 0.954545 0.119613 0.266667
0 0.546174 1.200000 0.096746 0.266667
0 0.417766 0.512121 0.124890 0.296970
0 0.425682 0.818182 0.116095 0.242424
0 0.430079 1.148485 0.096746 0.418182
0 0.302551 0.563636 0.137203 0.363636
0 0.313105 0.951515 0.109059 0.315152
0 0.314864 1.272727 0.109059 0.387879
0 0.170624 0.590909 0.119613 0.321212
0 0.180299 0.927273 0.096746 0.278788
0 0.189974 1.172727 0.109059 0.236364
0 0.182938 1.387879 0.119613 0.278788