0 0.214500 0.240143 0.118477 0.161689
0 0.224123 0.449622 0.108640 0.177618
0 0.222840 0.673835 0.130881 0.177618
0 0.215783 0.847670 0.084260 0.115890
0 0.396493 0.231780 0.125749 0.175229
0 0.408896 0.420550 0.113772 0.135404
0 0.423225 0.653923 0.118477 0.151334
0 0.421086 0.859219 0.115911 0.134209
0 0.577844 0.180008 0.122327 0.129829
0 0.592814 0.382517 0.100086 0.136599
0 0.614628 0.627439 0.168520 0.171645
0 0.765825 0.197929 0.123610 0.159299
0 0.773738 0.412386 0.139435 0.210673
0 0.807956 0.614297 0.139435 0.162883
0 0.830411 0.820988 0.150128 0.146953