0 1.694881 0.243197 0.174354 0.166724
0 1.685758 0.385808 0.164217 0.135033
0 1.677648 0.516707 0.180436 0.132277
0 1.673594 0.647606 0.184491 0.129521
0 1.641662 0.780572 0.177395 0.141922
0 1.621896 0.887358 0.105423 0.057871
0 1.622909 0.954530 0.160162 0.099897
0 1.637101 1.090596 0.180436 0.152945
0 1.639128 1.234585 0.164217 0.139166
0 1.657375 1.394764 0.194627 0.171547
0 1.652306 1.563899 0.204764 0.162590
0 1.695895 1.701688 0.229093 0.146056
0 1.502281 0.225973 0.141916 0.174991
0 1.476939 0.416810 0.139888 0.169480
0 1.462747 0.572511 0.229093 0.169480
0 1.450583 0.756459 0.192600 0.170858
0 1.431323 0.925594 0.198682 0.171547
0 1.432843 1.096107 0.187532 0.183259
0 1.436898 1.259731 0.157121 0.130210
0 1.452610 1.413710 0.235175 0.148812
0 1.462747 1.588012 0.160162 0.146056
0 1.482514 1.731312 0.187532 0.135033
0 1.278763 0.225973 0.221997 0.210816
0 1.258996 0.419221 0.190573 0.164657
0 1.239736 0.574578 0.184491 0.132277
0 1.228586 0.742336 0.190573 0.194971
0 1.222504 0.903548 0.164217 0.113676
0 1.239736 1.023769 0.198682 0.148812
0 1.228586 1.220117 0.170299 0.217706
0 1.253928 1.426800 0.180436 0.166724
0 1.258996 1.630727 0.239230 0.213572
0 1.246325 1.797451 0.177395 0.141922
0 1.054232 0.180503 0.170299 0.129521
0 1.053218 0.338615 0.229093 0.167413
0 1.052205 0.502928 0.170299 0.148812
0 1.029904 0.673786 0.154080 0.159835
0 1.003548 0.834998 0.190573 0.159835
0 1.019767 0.998622 0.214901 0.150878
0 1.046123 1.172580 0.214901 0.192904
0 1.052205 1.384085 0.214901 0.234240
0 1.053218 1.610748 0.180436 0.148812
0 1.055246 1.762315 0.208819 0.173614
0 0.831728 0.155357 0.187532 0.171547
0 0.838317 0.380296 0.229093 0.264554
0 0.816016 0.596624 0.212874 0.176369
0 0.811455 0.753014 0.187532 0.166724
0 0.818044 0.902515 0.180436 0.135033
0 0.805879 1.052704 0.143943 0.146056
0 0.829194 1.210127 0.194627 0.150878
0 0.841358 1.419910 0.218956 0.227351
0 0.832235 1.626593 0.208819 0.186014
0 0.810948 1.782294 0.208819 0.139166
0 0.829194 1.898725 0.218956 0.104719
0 0.618348 0.201860 0.170299 0.166724
0 0.616320 0.387875 0.174354 0.186014
0 0.642676 0.572511 0.170299 0.155701
0 0.624430 0.723390 0.198682 0.176369
0 0.624430 0.900448 0.190573 0.162590
0 0.614293 1.063038 0.194627 0.180503
0 0.608211 1.263176 0.160162 0.164657
0 0.617334 1.449879 0.170299 0.143989
0 0.649772 1.581123 0.188545 0.136411
0 0.643690 1.748880 0.160162 0.188081
0 0.418652 0.211505 0.160162 0.139166
0 0.406488 0.356528 0.164217 0.150878
0 0.417638 0.541853 0.214901 0.164657
0 0.415611 0.717878 0.194627 0.179125
0 0.426761 0.902859 0.190573 0.185326
0 0.405474 1.119532 0.190573 0.192904
0 0.400912 1.287289 0.146984 0.143989
0 0.440953 1.470892 0.198682 0.203927
0 0.451597 1.636238 0.167258 0.141922
0 0.466295 1.761626 0.154080 0.111609
0 0.216929 0.252842 0.214901 0.139166
0 0.204257 0.416466 0.197669 0.208750
0 0.204257 0.640717 0.177395 0.203927
0 0.203751 0.823975 0.143943 0.148812
0 0.203751 0.983810 0.174354 0.148812
0 0.234161 1.176714 0.214901 0.224595
0 0.227065 1.395797 0.208819 0.146056
0 0.258490 1.509473 0.160162 0.108853
0 0.245312 1.649673 0.259503 0.171547