0 0.758509 0.120255 0.118619 0.114209
0 0.756757 0.254619 0.112112 0.090024
0 0.749750 0.569533 0.106106 0.120591
0 0.772022 0.690964 0.118619 0.098085
0 0.806557 0.813235 0.123624 0.071884
0 0.618118 0.105643 0.103103 0.099765
0 0.615365 0.223043 0.117618 0.119583
0 0.611612 0.348841 0.094094 0.108498
0 0.612112 0.461874 0.101101 0.105475
0 0.599600 0.555425 0.106106 0.096406
0 0.585335 0.665603 0.129630 0.108498
0 0.602352 0.792073 0.155656 0.130333
0 0.490991 0.112697 0.129129 0.125966
0 0.471471 0.235304 0.158158 0.132012
0 0.451451 0.372859 0.134134 0.135707
0 0.432933 0.726234 0.101101 0.092711
0 0.312312 0.075915 0.088088 0.076587
0 0.306306 0.186765 0.104104 0.142425
0 0.294294 0.307020 0.112112 0.098085
0 0.285285 0.439872 0.130130 0.146792
0 0.273273 0.562983 0.122122 0.115553
0 0.270270 0.691300 0.116116 0.116896
0 0.259259 0.809540 0.106106 0.108834