0 1.260870 0.852557 0.133616 0.137365
0 1.252916 0.974991 0.138918 0.125420
0 1.240721 1.103397 0.148462 0.116461
0 1.249735 1.231056 0.145281 0.132885
0 1.264051 1.367675 0.199364 0.161254
0 1.228526 1.525943 0.111347 0.137365
0 1.085896 0.830161 0.114528 0.095558
0 1.072110 0.982456 0.133616 0.137365
0 1.069459 1.120941 0.090138 0.124673
0 1.057794 1.247854 0.138918 0.148563
0 1.094910 1.393057 0.153765 0.141844
0 1.074231 1.506532 0.112407 0.108996
0 0.904030 0.831654 0.132556 0.094065
0 0.907741 0.977230 0.127253 0.143337
0 0.915164 1.106756 0.154825 0.124673
0 0.915695 1.239268 0.121951 0.094065
0 0.919406 1.384099 0.193001 0.108996
0 0.915164 1.511012 0.205726 0.155282
0 0.739661 0.830907 0.121951 0.104517
0 0.756098 0.961553 0.129374 0.135872
0 0.755037 1.112355 0.195122 0.150803
0 0.769353 1.259425 0.177094 0.143337
0 0.758218 1.389324 0.112407 0.119448
0 0.755037 1.513251 0.131495 0.131392
0 0.621951 0.981710 0.174973 0.135872
0 0.600212 1.131019 0.110286 0.107503
0 0.609226 1.245987 0.174973 0.140351
0 0.597031 1.372900 0.133616 0.116461
0 0.596501 1.513998 0.141039 0.123927
0 0.466596 0.858529 0.186638 0.153789
0 0.453340 0.991415 0.109226 0.120941
0 0.459173 1.103397 0.116649 0.094065
0 0.459703 1.226577 0.151644 0.116461
0 0.459173 1.365435 0.154825 0.128406
0 0.468187 1.465472 0.109226 0.095558
0 0.481442 1.560284 0.135737 0.117954
0 0.307529 0.837253 0.135737 0.109742
0 0.323436 0.958567 0.150583 0.111982
0 0.310710 1.075401 0.112407 0.100784
0 0.317603 1.202688 0.138918 0.116461
0 0.299046 1.340426 0.195122 0.169466
0 0.302757 1.479657 0.117709 0.129899
0 0.322375 1.592385 0.144221 0.116461