0 1.209391 0.215278 0.195431 0.082407
0 1.175127 0.332870 0.218274 0.102778
0 1.171320 0.475926 0.251269 0.129630
0 1.192893 0.637963 0.243655 0.105556
0 1.182741 0.803704 0.324873 0.144444
0 1.203046 0.983333 0.294416 0.118519
0 1.199239 1.168056 0.256345 0.113889
0 1.217005 1.342130 0.256345 0.113889
0 1.173858 1.503241 0.256345 0.113889
0 1.148477 1.627315 0.256345 0.113889
0 0.892132 0.235648 0.256345 0.113889
0 0.904822 0.342130 0.256345 0.113889
0 0.838832 0.540278 0.256345 0.125000
0 0.854061 0.675463 0.256345 0.125000
0 0.892132 0.805093 0.256345 0.125000
0 0.879442 0.993056 0.256345 0.125000
0 0.861675 1.218056 0.256345 0.125000
0 0.892132 1.390278 0.256345 0.125000
0 0.887056 1.559722 0.256345 0.125000