0 0.777405 0.138303 0.059760 0.112082
0 0.791726 0.398458 0.066478 0.129563
0 0.794378 0.510026 0.069661 0.105913
0 0.792256 0.621851 0.076025 0.107455
0 0.785537 0.720823 0.065417 0.112082
0 0.786952 0.845758 0.076025 0.137789
0 0.705446 0.124422 0.072843 0.093573
0 0.706153 0.236504 0.078501 0.102828
0 0.697489 0.366324 0.097949 0.166067
0 0.703501 0.508483 0.079562 0.150129
0 0.700672 0.678663 0.076025 0.170694
0 0.696605 0.849357 0.082744 0.164524
0 0.629420 0.130334 0.070721 0.121851
0 0.626061 0.265039 0.059760 0.159897
0 0.620580 0.427506 0.068600 0.136247
0 0.614215 0.557069 0.074965 0.148586
0 0.615276 0.687404 0.068600 0.096658
0 0.619873 0.797172 0.072843 0.110540
0 0.616337 0.894344 0.081330 0.107455
0 0.548975 0.139332 0.085926 0.139846
0 0.556223 0.279434 0.087694 0.159897
0 0.543494 0.443188 0.074965 0.158355
0 0.538543 0.590746 0.062942 0.108997
0 0.542433 0.726221 0.072843 0.161954
0 0.548798 0.875578 0.077086 0.137789
0 0.470827 0.137532 0.073904 0.113625
0 0.465523 0.289460 0.076025 0.170694
0 0.466231 0.449357 0.081683 0.164524
0 0.463048 0.617481 0.079562 0.112082
0 0.467999 0.750643 0.076025 0.143959
0 0.392680 0.140617 0.076025 0.107455
0 0.394272 0.285861 0.066478 0.191260
0 0.392327 0.440617 0.059760 0.150129
0 0.394979 0.571979 0.062942 0.121851
0 0.389498 0.678920 0.069661 0.107455
0 0.394272 0.764781 0.072843 0.089974
0 0.400460 0.870951 0.074611 0.140874
0 0.327970 0.151414 0.059760 0.115681
0 0.324965 0.265810 0.086987 0.117224
0 0.329915 0.412853 0.072843 0.167609
0 0.323373 0.543188 0.073904 0.106427
0 0.316124 0.659640 0.077086 0.152185
0 0.325672 0.774293 0.077086 0.093573
0 0.316478 0.878663 0.084866 0.134704
0 0.252829 0.145758 0.074965 0.104370
0 0.254066 0.264267 0.079562 0.129563
0 0.256365 0.408226 0.068600 0.135733
0 0.258663 0.545501 0.079562 0.126478
0 0.248762 0.696401 0.081683 0.162982
0 0.181754 0.155270 0.080622 0.117224
0 0.184229 0.280977 0.077086 0.121851
0 0.184760 0.404113 0.076025 0.131620
0 0.189180 0.544216 0.082744 0.160925
0 0.182461 0.727249 0.074965 0.159897
0 0.179455 0.873008 0.073904 0.155270
0 0.106082 0.187404 0.092645 0.239075
0 0.108557 0.374807 0.094767 0.173779
0 0.104668 0.601799 0.106789 0.283290