0 0.682207 0.168337 0.125595 0.158317
0 0.666032 0.311623 0.140818 0.146293
0 0.566127 0.144790 0.104662 0.129259
0 0.466223 0.253507 0.104662 0.138277
0 0.454329 0.333667 0.078972 0.042084
0 0.466698 0.390281 0.124643 0.087174
0 0.377735 0.124248 0.095147 0.094188
0 0.369648 0.208918 0.107517 0.093186
0 0.358230 0.278056 0.092293 0.059118
0 0.359657 0.358717 0.079924 0.114228
0 0.284015 0.122745 0.073264 0.101202
0 0.272598 0.242485 0.101808 0.138277
0 0.757850 0.641784 0.115128 0.139279
0 0.604186 0.667836 0.167460 0.129259
0 0.387250 0.679359 0.167460 0.144289