0 0.811341 0.216532 0.344602 0.177898
0 0.857143 0.783917 0.143948 0.065588
0 0.858233 0.843217 0.141767 0.045822
0 0.861505 0.898473 0.152672 0.057502
0 0.863686 0.970800 0.139586 0.078167
0 0.872410 1.060198 0.139586 0.091644
0 0.874591 1.145103 0.135224 0.072776
0 0.866957 1.213836 0.133043 0.070081
0 0.861505 1.267745 0.135224 0.030548
0 0.859324 1.310422 0.126499 0.051213
0 0.857143 1.364780 0.130862 0.053908
0 0.860414 1.433962 0.137405 0.079066
0 0.858233 1.620395 0.128680 0.063792
0 0.870229 1.681491 0.135224 0.065588
0 0.874591 1.744834 0.139586 0.050314
0 0.871320 1.811770 0.189749 0.072776
0 0.723010 0.780773 0.137405 0.070081
0 0.724100 0.844564 0.130862 0.064690
0 0.735005 0.898473 0.126499 0.050314
0 0.732824 0.955975 0.139586 0.061096
0 0.737186 1.008985 0.126499 0.046721
0 0.737186 1.058401 0.135224 0.055705
0 0.739368 1.124888 0.135224 0.082659
0 0.737186 1.201707 0.130862 0.078167
0 0.736096 1.263252 0.128680 0.043127
0 0.732824 1.311770 0.122137 0.050314
0 0.736096 1.414645 0.133043 0.047619
0 0.738277 1.461815 0.133043 0.048518
0 0.731734 1.522013 0.128680 0.068284
0 0.745911 1.584906 0.139586 0.050314
0 0.737186 1.641509 0.139586 0.066487
0 0.739368 1.713387 0.126499 0.070081