0 0.731837 0.196954 0.228557 0.168224
0 0.755045 0.358082 0.228557 0.125649
0 0.747477 0.530633 0.193239 0.114226
0 0.733855 0.694704 0.183148 0.182762
0 0.725782 0.843718 0.216448 0.124264
0 0.513370 0.187089 0.153885 0.148494
0 0.516650 0.368640 0.197780 0.169609
0 0.550959 0.546902 0.211907 0.143994
0 0.539606 0.674628 0.193239 0.096919
0 0.540616 0.812392 0.153885 0.138456
0 0.252523 0.221876 0.193239 0.215299
0 0.255802 0.439425 0.211907 0.205261
0 0.257064 0.639841 0.218466 0.181031
0 0.261100 0.795258 0.230575 0.129803