0 0.737013 0.132725 0.145809 0.126027
0 0.724616 0.251903 0.124557 0.100152
0 0.738194 0.349772 0.180047 0.089498
0 0.742621 0.443227 0.152302 0.107763
0 0.748524 0.551903 0.116883 0.102283
0 0.739374 0.661644 0.135183 0.117199
0 0.760331 0.792085 0.178276 0.152816
0 0.584416 0.349619 0.136954 0.090411
0 0.597107 0.446271 0.155254 0.091933
0 0.577922 0.536530 0.147580 0.109285
0 0.583530 0.618874 0.129280 0.068189
0 0.585006 0.692237 0.152302 0.081583
0 0.599469 0.803044 0.175325 0.129072
0 0.406139 0.132268 0.158205 0.098326
0 0.426210 0.375342 0.142857 0.089498
0 0.423849 0.451903 0.070838 0.056317
0 0.419126 0.519026 0.153483 0.080974
0 0.431818 0.595129 0.141086 0.073059
0 0.419126 0.670015 0.148760 0.083409
0 0.257379 0.112481 0.136954 0.072755
0 0.251181 0.205023 0.180047 0.116591
0 0.275089 0.333029 0.157025 0.138813
0 0.258855 0.466971 0.176505 0.133942
0 0.262102 0.575799 0.142857 0.087976
0 0.247639 0.650989 0.144628 0.075190
0 0.256198 0.730594 0.148760 0.088889
0 0.234061 0.836834 0.216647 0.147336