0 1.412275 0.244058 0.235586 0.280951
0 1.475511 0.526428 0.238066 0.289464
0 1.473652 0.804541 0.164910 0.263923
0 1.541228 1.092231 0.151271 0.290174
0 1.197768 0.245832 0.168630 0.271728
0 1.242405 0.531039 0.153751 0.264633
0 1.301922 0.814473 0.168630 0.286626
0 1.332300 1.101454 0.172350 0.273147
0 1.353999 1.401916 0.158710 0.300816
0 1.031618 0.204328 0.168630 0.207166
0 1.073776 0.542036 0.228146 0.320681
0 1.107254 0.835757 0.240546 0.286626
0 1.133292 1.113161 0.198388 0.282370
0 1.175449 1.393402 0.178549 0.278113
0 0.810911 0.235545 0.203348 0.269599
0 0.867948 0.533168 0.185989 0.264633
0 0.900806 0.819085 0.194668 0.305782
0 0.949163 1.109613 0.199628 0.278113
0 0.970862 1.380986 0.218227 0.271728
0 0.605084 0.250443 0.200868 0.296559
0 0.668320 0.527137 0.205828 0.268180
0 0.709237 0.820858 0.151271 0.279532
0 0.747055 1.102164 0.192188 0.281660
0 0.781153 1.401206 0.173590 0.290883
0 0.417855 0.246896 0.185989 0.297978
0 0.456293 0.533877 0.188469 0.280241