0 0.508646 0.296053 0.072046 0.031250
0 0.505764 0.321546 0.066282 0.026316
0 0.506484 0.344572 0.064841 0.021382
0 0.505043 0.365543 0.064841 0.025493
0 0.505764 0.389803 0.066282 0.024671
0 0.510086 0.408717 0.072046 0.014803
0 0.502882 0.430099 0.057637 0.026316
0 0.505043 0.458470 0.064841 0.033717
0 0.504323 0.487664 0.054755 0.029605
0 0.507205 0.515625 0.063401 0.029605
0 0.448127 0.298109 0.060519 0.035362
0 0.443804 0.322368 0.051873 0.014803
0 0.445965 0.341694 0.056196 0.027138
0 0.447406 0.370888 0.047550 0.032895
0 0.445965 0.395970 0.050432 0.020559
0 0.445965 0.413651 0.059078 0.014803
0 0.443084 0.432566 0.053314 0.021382
0 0.447406 0.449836 0.059078 0.016447
0 0.444524 0.470395 0.056196 0.021382
0 0.445965 0.498766 0.067723 0.033717
0 0.446686 0.523026 0.072046 0.019737
0 0.387608 0.298931 0.063401 0.037007
0 0.389769 0.333059 0.059078 0.027961
0 0.394092 0.358553 0.073487 0.024671
0 0.389769 0.382812 0.067723 0.025493
0 0.385447 0.409539 0.064841 0.024671
0 0.384006 0.437911 0.064841 0.033717
0 0.387608 0.465461 0.066282 0.026316
0 0.384726 0.493010 0.060519 0.028783
0 0.387608 0.516447 0.069164 0.021382