0 1.430843 0.646000 0.133545 0.114000
0 1.421304 0.761000 0.181240 0.114000
0 1.446741 0.902000 0.184420 0.160000
0 1.431638 1.031000 0.173291 0.090000
0 1.429253 1.161500 0.181240 0.111000
0 1.242448 0.699000 0.176471 0.160000
0 1.235294 0.882500 0.168521 0.185000
0 1.246423 1.052000 0.222576 0.152000
0 1.213831 1.208000 0.252782 0.164000
0 0.674086 0.710000 0.178060 0.128000
0 0.680445 0.906000 0.206677 0.166000
0 0.703498 1.088500 0.176471 0.159000
0 0.715421 1.239000 0.248013 0.138000
0 0.476948 0.756500 0.197138 0.153000
0 0.486486 0.963000 0.200318 0.162000
0 0.481717 1.194000 0.219396 0.216000