0 1.264668 0.257857 0.234681 0.295714
0 1.331160 0.587143 0.221643 0.311429
0 1.368970 0.934643 0.255541 0.317857
0 1.426336 1.272143 0.286832 0.324286
0 1.470665 1.575000 0.255541 0.224286
0 0.964798 0.260000 0.229465 0.285714
0 1.022164 0.588571 0.271186 0.311429
0 1.056063 0.944286 0.276402 0.338571
0 1.079531 1.270000 0.239896 0.280000
0 0.683181 0.255357 0.239896 0.282143
0 0.732725 0.585714 0.297262 0.331429
0 0.380704 0.254643 0.213820 0.303571
0 0.376793 0.600714 0.211213 0.267143
0 0.385919 0.892143 0.260756 0.210000