0 1.711290 0.216246 0.183871 0.153677
0 1.691935 0.448957 0.170968 0.151482
0 1.717742 0.659715 0.167742 0.127333
0 1.697581 0.888035 0.243548 0.298573
0 1.691935 1.165752 0.158065 0.193194
0 1.441935 0.284303 0.277419 0.270033
0 1.417742 0.500000 0.164516 0.075741
0 1.425806 0.665203 0.225806 0.180022
0 1.452419 0.857300 0.162903 0.147091
0 1.462903 1.030187 0.132258 0.139407
0 1.154839 0.332053 0.225806 0.196487
0 1.142742 0.556531 0.224194 0.190999
0 1.152419 0.832053 0.327419 0.281010
0 1.206452 1.090011 0.187097 0.129528