0 0.982437 0.103625 0.245878 0.101915
0 0.986380 0.218194 0.246595 0.139535
0 0.987097 0.332421 0.236559 0.114911
0 0.990681 0.431943 0.223656 0.108755
0 0.999283 0.547880 0.246595 0.154583
0 0.996057 0.670315 0.240143 0.120383
0 0.984229 0.770520 0.236559 0.111491
0 0.994265 0.869699 0.236559 0.136115
0 0.982437 1.022914 0.253047 0.219562
0 0.996057 1.175787 0.265950 0.129959
0 0.985305 1.422367 0.278853 0.096443
0 0.987455 1.538304 0.255914 0.129959
0 0.987814 1.657319 0.243728 0.157319
0 0.994265 1.829685 0.243728 0.222982