0 0.841993 0.064725 0.131418 0.064725
0 0.845049 0.144620 0.109413 0.086165
0 0.843826 0.269822 0.113081 0.131877
0 0.848716 0.404328 0.111858 0.120146
0 0.850856 0.532362 0.121027 0.114078
0 0.849939 0.674960 0.130196 0.158981
0 0.853301 0.843447 0.152812 0.144822
0 0.727995 0.089806 0.125917 0.111650
0 0.720355 0.189118 0.128973 0.095065
0 0.732274 0.278722 0.116137 0.084142
0 0.729218 0.383091 0.147922 0.115696
0 0.726467 0.513552 0.132641 0.125000
0 0.727078 0.665049 0.136308 0.132686
0 0.716076 0.794903 0.106968 0.120550
0 0.713936 0.908981 0.123472 0.110841
0 0.561736 0.092840 0.145477 0.120955
0 0.567237 0.218649 0.151589 0.103964
0 0.582518 0.335963 0.151589 0.124191
0 0.584963 0.470469 0.140587 0.130259
0 0.577628 0.602346 0.121027 0.131068
0 0.576711 0.725930 0.132641 0.118528
0 0.570293 0.838997 0.128362 0.097087
0 0.579768 0.925364 0.137531 0.088592
0 0.410758 0.101133 0.149144 0.115696
0 0.414731 0.208131 0.135086 0.103155
0 0.414731 0.312298 0.132641 0.097087
0 0.437042 0.419296 0.147922 0.118528
0 0.440098 0.545510 0.146699 0.141990
0 0.441626 0.675364 0.138753 0.108010
0 0.424511 0.800162 0.133863 0.131877
0 0.425122 0.916060 0.131418 0.101537
0 0.271088 0.098301 0.114303 0.099515
0 0.278423 0.222694 0.137531 0.139563
0 0.284230 0.350728 0.144254 0.114078
0 0.294315 0.469660 0.136308 0.116505
0 0.292787 0.617718 0.144254 0.138350
0 0.294315 0.767193 0.136308 0.118528
0 0.288509 0.888147 0.149144 0.112864
0 0.139364 0.125607 0.147922 0.154126
0 0.133863 0.281958 0.123472 0.113269