0 0.341989 0.157372 0.172261 0.213142
0 0.357188 0.366096 0.154528 0.166759
0 0.322989 0.562673 0.134262 0.171176
0 0.376187 0.760906 0.172261 0.178907
0 0.359721 0.983987 0.149462 0.187742
0 0.343255 1.174489 0.106396 0.104914
0 0.340722 1.400331 0.187460 0.207620
0 0.352122 1.618995 0.144395 0.240751
0 0.556048 0.163446 0.172261 0.198785
0 0.585180 0.422971 0.210260 0.373274
0 0.607980 0.712866 0.124129 0.166759
0 0.591514 0.950856 0.177327 0.293760
0 0.596580 1.228603 0.187460 0.204307
0 0.609880 1.456654 0.148195 0.187742
0 0.611780 1.644395 0.172261 0.200994
0 0.975301 0.192159 0.157061 0.159028
0 0.979734 0.405301 0.176061 0.196576
0 0.968968 0.651022 0.202660 0.241855
0 0.963901 0.960795 0.220393 0.273882
0 0.970868 1.201546 0.196327 0.167863
0 0.996833 1.459967 0.182394 0.229707
0 1.030399 1.718388 0.277391 0.307013
0 1.238759 0.244616 0.230526 0.213142
0 1.222293 0.508559 0.205193 0.195472
0 1.261558 0.787410 0.235592 0.289343
0 1.302090 1.286582 0.205193 0.245168
0 1.295757 1.539481 0.162128 0.229707
0 1.324889 1.737162 0.210260 0.205411
0 1.461685 0.223081 0.210260 0.220872
0 1.476251 0.509111 0.191260 0.254003
0 1.545282 0.854224 0.205193 0.274986
0 1.521216 1.072336 0.205193 0.231916
0 1.535149 1.366096 0.205193 0.231916
0 1.561748 1.588625 0.172261 0.171176
0 1.566181 1.744892 0.143129 0.154611