0 1.752285 0.398615 0.118830 0.259149
0 1.739488 0.657765 0.113346 0.251236
0 1.743601 0.926805 0.116088 0.259149
0 1.746801 1.186944 0.122486 0.255193
0 1.739945 1.467359 0.116088 0.240356
0 1.744973 1.708210 0.126143 0.241345
0 1.638026 0.398615 0.096892 0.207715
0 1.642596 0.664194 0.106033 0.244313
0 1.638940 0.909990 0.093236 0.247280
0 1.633455 1.185955 0.102377 0.259149
0 1.644424 1.457962 0.109689 0.237389
0 1.648080 1.684471 0.096892 0.207715
0 1.521938 0.391197 0.109689 0.244313
0 1.527422 0.662710 0.096892 0.247280
0 1.524680 0.922849 0.109689 0.265084
0 1.534735 1.181009 0.109689 0.237389
0 1.530165 1.445104 0.113346 0.255193
0 1.538848 1.708210 0.116088 0.247280
0 1.423675 0.400099 0.116088 0.240356
0 1.431444 0.665183 0.109689 0.244313
0 1.430530 0.915430 0.093236 0.244313
0 1.431444 1.189911 0.109689 0.259149
0 1.436929 1.456973 0.118830 0.251236
0 1.444241 1.702275 0.106033 0.237389
0 1.330896 0.403561 0.106033 0.225519
0 1.337294 0.656775 0.093236 0.251236
0 1.339122 0.909990 0.109689 0.247280
0 1.336380 1.184965 0.106033 0.229476
0 1.338665 1.443620 0.116088 0.244313
0 1.343693 1.709199 0.106033 0.272997
0 1.237660 0.407517 0.106033 0.247280
0 1.239031 0.650346 0.116088 0.240356
0 1.239488 0.918892 0.122486 0.251236
0 1.243144 1.180020 0.109689 0.255193
0 1.234004 1.445598 0.106033 0.240356
0 1.240402 1.694362 0.118830 0.251236
0 1.140768 0.396637 0.106033 0.255193
0 1.144424 0.658259 0.106033 0.240356
0 1.144881 0.942631 0.099634 0.219585
0 1.137112 1.179031 0.106033 0.247280
0 1.143967 1.435707 0.116088 0.244313
0 1.148537 1.706231 0.099634 0.259149
0 1.042048 0.392681 0.118830 0.290801
0 1.047532 0.651335 0.109689 0.240356
0 1.043419 0.909990 0.116088 0.247280
0 1.042048 1.167161 0.106033 0.259149
0 1.047989 1.443126 0.099634 0.251236
0 1.052102 1.684471 0.113346 0.229476
0 0.948812 0.394659 0.113346 0.294758
0 0.940585 0.666172 0.115174 0.240356
0 0.939671 0.899604 0.113346 0.240356
0 0.949269 1.168150 0.099634 0.247280
0 0.950640 1.441642 0.102377 0.240356
0 0.952468 1.695351 0.113346 0.265084
0 0.837751 0.391691 0.116088 0.265084
0 0.844607 0.661721 0.109689 0.225519
0 0.840951 0.905045 0.122486 0.243323
0 0.839580 1.172601 0.099634 0.240356
0 0.850091 1.432245 0.113346 0.229476
0 0.839580 1.712661 0.099634 0.222552
0 0.734004 0.397132 0.113346 0.279921
0 0.740402 0.650841 0.102377 0.229476
0 0.738574 0.910979 0.109689 0.247280
0 0.751371 1.185955 0.109689 0.247280
0 0.751371 1.445104 0.109689 0.247280
0 0.744973 1.710188 0.109689 0.247280
0 0.632541 0.388724 0.109689 0.247280
0 0.625229 0.647873 0.109689 0.247280
0 0.638940 0.907023 0.109689 0.247280
0 0.652651 1.164194 0.109689 0.247280
0 0.645338 1.445104 0.109689 0.247280
0 0.645338 1.689416 0.109689 0.247280
0 0.531993 0.382789 0.109689 0.247280
0 0.531993 0.647873 0.109689 0.247280
0 0.539305 0.892186 0.109689 0.247280
0 0.552102 1.164194 0.109689 0.247280
0 0.552102 1.409496 0.109689 0.247280
0 0.546618 1.704253 0.109689 0.247280
0 0.425960 0.382789 0.109689 0.247280
0 0.425960 0.655786 0.109689 0.247280
0 0.433272 0.912957 0.109689 0.247280
0 0.433272 1.172107 0.109689 0.247280
0 0.433272 1.437191 0.109689 0.247280
0 0.459781 1.718101 0.109689 0.247280
0 0.319927 0.396637 0.109689 0.247280
0 0.313528 0.639960 0.109689 0.247280
0 0.319927 0.927794 0.109689 0.247280
0 0.319927 1.193867 0.109689 0.247280
0 0.299817 1.445104 0.109689 0.247280
0 0.340037 1.696340 0.109689 0.247280
0 0.221207 0.382789 0.109689 0.247280
0 0.221207 0.647873 0.109689 0.247280