0 0.686591 0.875670 0.087237 0.057878
0 0.683360 0.933548 0.071082 0.070740
0 0.694669 1.001072 0.080775 0.055734
0 0.696284 1.061629 0.067851 0.052519
0 0.687399 1.117899 0.085622 0.060021
0 0.680129 1.176849 0.077544 0.064309
0 0.677706 1.232583 0.082391 0.051447
0 0.682553 1.300107 0.072698 0.066452
0 0.678514 1.372990 0.090468 0.077170
0 0.592892 0.881029 0.064620 0.072883
0 0.589661 0.954448 0.100162 0.080386
0 0.571082 1.037513 0.111470 0.085745
0 0.579968 1.124330 0.116317 0.066452
0 0.579968 1.200429 0.100162 0.068596
0 0.588045 1.266881 0.116317 0.070740
0 0.575121 1.349411 0.106624 0.100750