0 0.719171 0.934102 0.348187 0.137287
0 0.706736 1.075233 0.310881 0.153762
0 0.700518 1.214717 0.302591 0.136189
0 0.715026 1.492037 0.294301 0.093355
0 0.719171 1.591433 0.294301 0.094454
0 0.731606 1.738605 0.302591 0.186711
0 0.410363 0.958265 0.290155 0.163646
0 0.414508 1.101593 0.315026 0.129599
0 0.416580 1.191653 0.252850 0.063701
0 0.437306 1.252059 0.252850 0.057111
0 0.446632 1.505766 0.259067 0.140582
0 0.449741 1.615596 0.294301 0.094454
0 0.447668 1.699616 0.273575 0.077979
0 0.458031 1.775947 0.248705 0.059308