0 0.630178 0.102276 0.106509 0.050514
0 0.618343 0.176021 0.131657 0.066417
0 0.626479 0.248051 0.121302 0.072030
0 0.629808 0.315404 0.138314 0.066417
0 0.616494 0.392111 0.127959 0.065170
0 0.623521 0.495946 0.133136 0.116308
0 0.621302 0.589180 0.121302 0.072030
0 0.594305 0.666667 0.142751 0.061116
0 0.608728 0.739944 0.133136 0.063611
0 0.603550 0.798410 0.136095 0.060181
0 0.394601 0.113814 0.153107 0.074836
0 0.403846 0.190677 0.146450 0.072030
0 0.400888 0.265201 0.134615 0.077019
0 0.397189 0.351731 0.150888 0.086685
0 0.393491 0.446523 0.146450 0.079825
0 0.389793 0.525101 0.161243 0.069847
0 0.375000 0.672747 0.147929 0.065170
0 0.382027 0.758809 0.153107 0.078890