0 1.558372 0.155018 0.186791 0.159498
0 1.529686 0.330645 0.233489 0.186380
0 1.542362 0.536738 0.160107 0.134409
0 1.518346 0.727599 0.181454 0.154122
0 1.562375 0.904122 0.136091 0.137993
0 1.566378 1.108423 0.122748 0.077061
0 1.605737 1.302867 0.196131 0.184588
0 1.590394 1.492832 0.173449 0.129032
0 1.601067 1.686380 0.213476 0.172043
0 1.319546 0.176523 0.136091 0.152330
0 1.320881 0.362903 0.202802 0.166667
0 1.331554 0.545699 0.202802 0.137993
0 1.348899 0.745520 0.176117 0.182796
0 1.358906 0.915771 0.142762 0.129032
0 1.371581 1.108423 0.189460 0.130824
0 1.346231 1.287634 0.170781 0.173835
0 1.361574 1.481183 0.148099 0.109319
0 1.366244 1.704749 0.154770 0.124552
0 1.100734 0.181004 0.184123 0.172043
0 1.111408 0.364695 0.141428 0.145161
0 1.147432 0.558244 0.178786 0.163082
0 1.136758 0.740143 0.234823 0.207885
0 1.130087 0.931004 0.194797 0.186380
0 1.138092 1.113351 0.168112 0.190860
0 1.163442 1.301075 0.176117 0.161290
0 1.150100 1.499104 0.181454 0.141577
0 1.152769 1.693996 0.154770 0.176523
0 0.929953 0.183692 0.200133 0.148746
0 0.907272 0.367384 0.144096 0.161290
0 0.915277 0.560036 0.170781 0.139785
0 0.925951 0.741935 0.192128 0.161290
0 0.935290 0.914875 0.162775 0.132616
0 0.960640 1.129928 0.186791 0.181004
0 0.941961 1.275986 0.160107 0.123656
0 0.946631 1.490143 0.177452 0.148746
0 0.939293 1.693548 0.178786 0.172043
0 0.705804 0.181004 0.173449 0.146953
0 0.715143 0.378136 0.173449 0.181004
0 0.711141 0.560932 0.189460 0.143369
0 0.705804 0.736559 0.200133 0.164875
0 0.707138 0.936380 0.176117 0.152330
0 0.721815 1.121864 0.197465 0.179211
0 0.713809 1.316308 0.213476 0.170251
0 0.715143 1.486111 0.229486 0.190860
0 0.731154 1.704301 0.229486 0.182796
0 0.493662 0.181900 0.160107 0.155914
0 0.494997 0.387993 0.189460 0.200717
0 0.485657 0.562724 0.133422 0.127240
0 0.494997 0.746416 0.168112 0.166667
0 0.509673 0.940860 0.170781 0.179211
0 0.517678 1.129928 0.149433 0.155914
0 0.508339 1.313620 0.162775 0.125448
0 0.512342 1.504480 0.194797 0.155914
0 0.525684 1.699821 0.165444 0.137993
0 0.269513 0.180108 0.176117 0.163082
0 0.293529 0.382616 0.173449 0.166667
0 0.294863 0.568996 0.168112 0.213262
0 0.301534 0.760305 0.213476 0.172939
0 0.296197 0.929211 0.186791 0.168459
0 0.281521 1.134409 0.213476 0.218638
0 0.310874 1.349462 0.173449 0.164875
0 0.312208 1.512097 0.213476 0.178315
0 0.300200 1.707885 0.173449 0.143369