0 0.795893 0.116753 0.172993 0.111226
0 0.812383 0.254404 0.210952 0.126770
0 0.813939 0.388083 0.133167 0.105354
0 0.820162 0.503800 0.164281 0.092919
0 0.835096 0.617789 0.191661 0.102591
0 0.845675 0.739206 0.146857 0.125734
0 0.611388 0.120725 0.205974 0.095682
0 0.594275 0.252332 0.215308 0.141969
0 0.603609 0.392746 0.170504 0.121589
0 0.605165 0.523834 0.186061 0.136442
0 0.594897 0.645769 0.161792 0.099827
0 0.607965 0.736097 0.192906 0.078066
0 0.393902 0.130915 0.174238 0.125043
0 0.399191 0.259585 0.153703 0.117789
0 0.381456 0.392746 0.176727 0.117444
0 0.397635 0.528670 0.196640 0.166149
0 0.401058 0.658549 0.157436 0.099827
0 0.376478 0.765976 0.151836 0.121934
0 0.202862 0.129188 0.146857 0.102245
0 0.192284 0.253022 0.191661 0.141278
0 0.194462 0.386010 0.130056 0.105354
0 0.189172 0.517444 0.155569 0.117444
0 0.196329 0.627807 0.122589 0.099827
0 0.196329 0.737306 0.186061 0.119862