0 1.605634 0.367265 0.319249 0.271457
0 1.560027 0.644711 0.228035 0.175649
0 1.539906 0.883234 0.257545 0.241517
0 1.533199 1.127745 0.244131 0.203593
0 1.550637 1.398703 0.276325 0.254491
0 1.539906 1.704591 0.281690 0.327345
0 1.326626 0.344810 0.241449 0.190619
0 1.317237 0.632735 0.270959 0.297405
0 1.319249 0.897705 0.202549 0.182635
0 1.295775 1.133733 0.236083 0.163673
0 1.303152 1.381238 0.202549 0.257485
0 1.298457 1.675649 0.225352 0.313373
0 1.078471 0.332335 0.230718 0.257485
0 1.083166 0.567864 0.234742 0.181637
0 1.076459 0.785429 0.309859 0.177645
0 1.069752 1.034431 0.256204 0.240519
0 1.067740 1.270459 0.214621 0.195609
0 1.089202 1.492016 0.219987 0.237525
0 1.087860 1.743513 0.225352 0.213573
0 0.828974 0.381737 0.270959 0.328343
0 0.829645 0.649701 0.178404 0.165669
0 0.818243 0.855788 0.241449 0.190619
0 0.836351 1.119760 0.224011 0.317365
0 0.837022 1.388224 0.193159 0.161677
0 0.822267 1.681637 0.284373 0.317365
0 0.582160 0.337325 0.182428 0.213573
0 0.607646 0.601796 0.281690 0.185629
0 0.595573 0.853293 0.198524 0.265469
0 0.582160 1.107285 0.236083 0.174651
0 0.596915 1.373253 0.228035 0.315369
0 0.588196 1.698603 0.199866 0.217565
0 0.344735 0.371756 0.254863 0.288423
0 0.338028 0.680639 0.279007 0.313373
0 0.358820 0.969561 0.234742 0.246507
0 0.355466 1.220559 0.270959 0.243513
0 0.343394 1.472056 0.203890 0.179641
0 0.336687 1.688124 0.281690 0.238523