0 0.992920 0.654787 0.134513 0.245745
0 1.017699 0.919681 0.123894 0.232979
0 1.037168 1.204255 0.138053 0.265957
0 1.026549 1.456383 0.116814 0.176596
0 1.035841 1.648936 0.131858 0.193617
0 0.761947 0.709043 0.162832 0.239362
0 0.796903 0.969681 0.137168 0.222340
0 0.815929 1.256383 0.159292 0.282979
0 0.815929 1.563830 0.215929 0.340426
0 0.604425 0.706383 0.139823 0.255319
0 0.610619 0.986170 0.173451 0.255319
0 0.619469 1.268085 0.173451 0.272340
0 0.613274 1.477660 0.100885 0.155319
0 0.637168 1.673404 0.120354 0.168085