0 0.696309 0.120968 0.208054 0.095533
0 0.654362 0.206266 0.251678 0.078784
0 0.665268 0.285360 0.239933 0.055831
0 0.670302 0.355459 0.236577 0.084367
0 0.645134 0.443548 0.263423 0.093052
0 0.670302 0.526365 0.236577 0.062655
0 0.631711 0.596154 0.290268 0.074442
0 0.678691 0.680521 0.266779 0.076923
0 0.669463 0.790012 0.278523 0.118486
0 0.651007 0.903846 0.275168 0.101737
0 0.313758 0.129342 0.278523 0.089950
0 0.306208 0.219293 0.293624 0.078784
0 0.293624 0.320720 0.278523 0.101737
0 0.273490 0.410360 0.204698 0.068859
0 0.276846 0.483871 0.228188 0.066998
0 0.279362 0.552730 0.213087 0.047146
0 0.264262 0.614454 0.213087 0.068859