0 0.659013 0.181531 0.146556 0.117580
0 0.660723 0.333238 0.154861 0.111270
0 0.671715 0.500000 0.121153 0.120734
0 0.692965 0.655865 0.135320 0.099226
0 0.703957 0.793662 0.163166 0.117293
0 0.466781 0.185690 0.183195 0.115572
0 0.490718 0.354029 0.180264 0.158589
0 0.499023 0.506739 0.163654 0.127330
0 0.506106 0.659306 0.166097 0.125609
0 0.520029 0.804416 0.138251 0.099226
0 0.303859 0.207055 0.149487 0.138801
0 0.305081 0.441497 0.135320 0.162030
0 0.330239 0.657585 0.174890 0.129051
0 0.342941 0.816891 0.143625 0.117293