0 0.867064 0.426046 0.096808 0.114705
0 0.897404 0.510781 0.067696 0.060802
0 0.911435 0.597025 0.078920 0.108236
0 0.801473 0.514661 0.061733 0.035791
0 0.829709 0.595515 0.094353 0.120742
0 0.824974 0.679603 0.060330 0.062096
0 0.836899 0.746442 0.065240 0.077620
0 0.693616 0.667098 0.090845 0.135403
0 0.711154 0.805951 0.116100 0.163864
0 0.619081 0.475205 0.086987 0.096593
0 0.613118 0.548728 0.075061 0.071151
0 0.606629 0.609746 0.090845 0.059508
0 0.607857 0.674429 0.073658 0.075895
0 0.622238 0.749245 0.078569 0.083226