0 0.738462 0.132660 0.166154 0.120600
0 0.750513 0.290417 0.199487 0.158409
0 0.748205 0.510430 0.232821 0.196219
0 0.745641 0.676662 0.189744 0.149283
0 0.760769 0.843057 0.163590 0.164602
0 0.514103 0.133638 0.168718 0.119296
0 0.486667 0.295143 0.204103 0.188722
0 0.486410 0.481584 0.161538 0.175033
0 0.506667 0.661669 0.196923 0.158409
0 0.517436 0.821545 0.242051 0.137223
0 0.290769 0.159387 0.173333 0.143416
0 0.269744 0.336375 0.225641 0.211213
0 0.262051 0.569915 0.182564 0.203716
0 0.284615 0.725880 0.166154 0.114733
0 0.284872 0.848761 0.161538 0.110169