0 0.569470 0.126398 0.079461 0.114094
0 0.568309 0.229866 0.055762 0.112975
0 0.568076 0.322148 0.052509 0.087248
0 0.566914 0.413870 0.043680 0.089485
0 0.564823 0.485459 0.046004 0.049217
0 0.563894 0.550336 0.046004 0.085011
0 0.566914 0.648210 0.050186 0.126398
0 0.566914 0.791387 0.043680 0.144295
0 0.501859 0.120805 0.063197 0.102908
0 0.504182 0.205817 0.064126 0.078300
0 0.506738 0.341723 0.072955 0.182327
0 0.501859 0.462528 0.062268 0.090604
0 0.506970 0.552013 0.063197 0.112975
0 0.506041 0.631432 0.063197 0.045861
0 0.508132 0.687919 0.065520 0.071588
0 0.510223 0.804251 0.071561 0.149888
0 0.440985 0.153803 0.064126 0.142058
0 0.437732 0.254474 0.034387 0.043624
0 0.440753 0.341163 0.073885 0.120805
0 0.435874 0.453579 0.057621 0.092841
0 0.438429 0.537472 0.059015 0.074944
0 0.442147 0.638702 0.068309 0.149888
0 0.437500 0.755593 0.065520 0.108501
0 0.442147 0.851790 0.081320 0.095078
0 0.369656 0.113535 0.051580 0.061521
0 0.366636 0.298658 0.071561 0.149888
0 0.377556 0.441834 0.059015 0.136465
0 0.371515 0.552013 0.072955 0.144295
0 0.375465 0.682886 0.056691 0.112975
0 0.299954 0.145414 0.066450 0.116331
0 0.297630 0.246085 0.068309 0.085011