0 1.520309 0.291378 0.177950 0.146680
0 1.532882 0.439049 0.203095 0.109019
0 1.522244 0.580278 0.181818 0.102081
0 1.483559 0.722498 0.235977 0.136769
0 1.473888 0.875619 0.193424 0.137760
0 1.466151 1.019822 0.208897 0.112983
0 1.447776 1.161546 0.226306 0.105055
0 1.455513 1.323092 0.226306 0.164519
0 1.470986 1.471754 0.172147 0.085233
0 1.471954 1.588702 0.208897 0.120912
0 1.254352 0.275520 0.199226 0.122894
0 1.261122 0.426165 0.177950 0.138751
0 1.243714 0.584737 0.205029 0.134787
0 1.239845 0.732408 0.235977 0.146680
0 1.227273 0.872151 0.226306 0.111001
0 1.214700 1.020317 0.208897 0.149653
0 1.218569 1.176908 0.193424 0.141724
0 1.226306 1.327056 0.216634 0.116947
0 1.214700 1.453915 0.185687 0.105055
0 1.219536 1.585728 0.249516 0.160555
0 1.021277 0.270069 0.212766 0.127849
0 1.007737 0.429138 0.259188 0.152626
0 1.009671 0.590684 0.220503 0.154609
0 1.017408 0.744301 0.208897 0.152626
0 0.970986 0.903370 0.232108 0.165510
0 0.957447 1.042121 0.205029 0.102081
0 0.980658 1.163033 0.205029 0.117939
0 0.986460 1.330030 0.263056 0.186323
0 0.953578 1.477701 0.193424 0.120912
0 0.936170 1.597621 0.208897 0.118930
0 0.742747 0.289395 0.208897 0.162537
0 0.734043 0.446977 0.199226 0.112983
0 0.717602 0.593657 0.239845 0.164519
0 0.733075 0.725471 0.189555 0.083251
0 0.709865 0.868682 0.235977 0.141724
0 0.714700 1.025768 0.253385 0.164519
0 0.715667 1.159564 0.181818 0.091179
0 0.702128 1.300297 0.235977 0.120912
0 0.686654 1.452428 0.181818 0.102081
0 0.682785 1.587711 0.177950 0.118930
0 0.477756 0.299306 0.266925 0.176412
0 0.490329 0.476214 0.249516 0.155600
0 0.491296 0.647671 0.216634 0.115956
0 0.489362 0.771060 0.235977 0.107037
0 0.443907 0.956888 0.253385 0.197225
0 0.425532 1.143211 0.235977 0.141724
0 0.421663 1.276016 0.208897 0.129832
0 0.408124 1.439544 0.290135 0.169475
0 0.425532 1.585728 0.181818 0.114965