0 0.832152 0.304672 0.034544 0.042744
0 0.838574 0.347913 0.029672 0.037111
0 0.838574 0.389496 0.029672 0.038105
0 0.846767 0.439198 0.031887 0.042081
0 0.850310 0.490557 0.033658 0.054009
0 0.854960 0.541252 0.038530 0.041418
0 0.859610 0.589463 0.032772 0.041750
0 0.858282 0.637011 0.034544 0.033466
0 0.867360 0.682737 0.034101 0.043406
0 0.861825 0.737078 0.038973 0.042744
0 0.813552 0.600895 0.037201 0.048708
0 0.813330 0.655401 0.031444 0.044400
0 0.812223 0.709245 0.053144 0.050696
0 0.772808 0.601557 0.040744 0.041418
0 0.550266 0.329026 0.033215 0.047051
0 0.553144 0.376905 0.043401 0.045394
0 0.558902 0.422962 0.041630 0.041418
0 0.558016 0.472167 0.046944 0.055666
0 0.561559 0.526176 0.044287 0.051690
0 0.472764 0.328694 0.046501 0.049039
0 0.459699 0.379887 0.034544 0.048045
0 0.454827 0.442512 0.037201 0.059973
0 0.450399 0.492379 0.038973 0.037111
0 0.448406 0.536117 0.050930 0.047051
0 0.238264 0.594433 0.035430 0.043738
0 0.236492 0.648443 0.045173 0.053015
0 0.197298 0.588469 0.032329 0.043075
0 0.191541 0.647780 0.038530 0.046388
0 0.184677 0.702618 0.049601 0.048708
0 0.162976 0.458250 0.044287 0.040424
0 0.152126 0.554506 0.034987 0.036117
0 0.152126 0.599072 0.039415 0.044400
0 0.147697 0.650431 0.045616 0.049702
0 0.139725 0.716534 0.039415 0.050033