0 1.136065 0.880759 0.111280 0.119241
0 1.139100 1.041328 0.084977 0.126016
0 1.154274 1.281165 0.131512 0.093496
0 1.158321 1.401423 0.135559 0.128049
0 1.174507 1.548780 0.129489 0.124661
0 0.991401 0.896341 0.137582 0.147696
0 1.005564 1.035908 0.141629 0.123306
0 1.017704 1.168022 0.129489 0.108401
0 0.995448 1.287940 0.137582 0.120596
0 1.016692 1.411247 0.123419 0.121951
0 1.018715 1.539295 0.131512 0.111111
0 0.872534 0.886518 0.104198 0.091463
0 0.871017 1.031843 0.121396 0.097561
0 0.877086 1.177507 0.143652 0.128726
0 0.876581 1.306911 0.102175 0.111111
0 0.857360 1.434621 0.126454 0.091463
0 0.858371 1.560298 0.138594 0.127371
0 0.724330 0.907859 0.111280 0.127371
0 0.730905 1.039295 0.128477 0.116531
0 0.741022 1.168699 0.112291 0.098916
0 0.740010 1.314363 0.128477 0.113821
0 0.729388 1.424119 0.119373 0.117886
0 0.716743 1.543360 0.158827 0.138211
0 0.566009 0.893293 0.148710 0.113144
0 0.577643 1.036247 0.157815 0.156504
0 0.576631 1.179201 0.119373 0.117209
0 0.577643 1.299797 0.153768 0.117209
0 0.582701 1.419038 0.145675 0.123984
0 0.576631 1.542344 0.095094 0.077913
0 0.436014 0.890921 0.107233 0.097561
0 0.428933 1.024390 0.135559 0.111111
0 0.430956 1.156504 0.137582 0.132791
0 0.440061 1.286924 0.129489 0.113144
0 0.435003 1.413957 0.176024 0.130081
0 0.426404 1.540312 0.110268 0.118564