0 1.585326 0.230461 0.183696 0.196393
0 1.607609 0.450401 0.121739 0.185371
0 1.629891 0.651804 0.179348 0.167335
0 1.641848 0.874248 0.153261 0.171343
0 1.659239 1.078657 0.201087 0.203407
0 1.659239 1.303106 0.188043 0.211423
0 1.672826 1.547094 0.182609 0.222445
0 1.687500 1.769038 0.181522 0.197395
0 1.384783 0.231463 0.178261 0.238477
0 1.433152 0.451904 0.190217 0.150301
0 1.423370 0.671343 0.177174 0.214429
0 1.434783 0.891784 0.206522 0.168337
0 1.454348 1.104208 0.141304 0.142285
0 1.468478 1.311623 0.210870 0.190381
0 1.469022 1.535070 0.120652 0.154309
0 1.491304 1.761523 0.173913 0.240481
0 1.253261 0.233467 0.089130 0.142285
0 1.227717 0.454409 0.166304 0.181363
0 1.226087 0.674349 0.182609 0.178357
0 1.246196 0.881764 0.153261 0.194389
0 1.241848 1.087675 0.159783 0.171343
0 1.252174 1.308617 0.165217 0.196393
0 1.262500 1.530060 0.148913 0.220441
0 1.294022 1.783567 0.214130 0.218437
0 1.046196 0.268537 0.129348 0.188377
0 1.039674 0.470942 0.161957 0.208417
0 1.047826 0.675351 0.165217 0.198397
0 1.055978 0.900301 0.166304 0.179359
0 1.061413 1.100701 0.209783 0.161323
0 1.071196 1.308617 0.138043 0.210421
0 1.079348 1.540581 0.130435 0.233467
0 1.105435 1.779058 0.163043 0.169339
0 0.849457 0.262525 0.142391 0.174349
0 0.855978 0.466934 0.138043 0.146293
0 0.849457 0.690882 0.127174 0.149299
0 0.855435 0.888277 0.171739 0.195391
0 0.871196 1.105711 0.157609 0.161323
0 0.867391 1.315130 0.176087 0.237475
0 0.877174 1.559118 0.176087 0.264529
0 0.907609 1.798597 0.189130 0.206413
0 0.676087 0.256513 0.145652 0.180361
0 0.669565 0.454910 0.176087 0.196393
0 0.657065 0.683367 0.151087 0.178357
0 0.665217 0.886273 0.186957 0.163327
0 0.667935 1.121242 0.181522 0.274549
0 0.689130 1.354208 0.156522 0.165331
0 0.691304 1.545591 0.189130 0.165331
0 0.706522 1.813627 0.193478 0.154309
0 0.490761 0.228958 0.183696 0.157315
0 0.474457 0.454910 0.168478 0.206413
0 0.457065 0.655311 0.153261 0.186373
0 0.456522 0.871743 0.169565 0.194389
0 0.477174 1.101202 0.184783 0.260521
0 0.469565 1.547595 0.189130 0.191383
0 0.485326 1.816132 0.166304 0.187375
0 0.322826 0.223447 0.102174 0.188377
0 0.285326 0.429359 0.155435 0.179359
0 0.269022 0.630762 0.168478 0.169339
0 0.271739 0.868236 0.123913 0.177355
0 0.273913 1.073146 0.143478 0.188377
0 0.256522 1.310120 0.195652 0.281563
0 0.285870 1.689880 0.178261 0.427856