0 0.686453 0.281250 0.168966 0.142614
0 0.716010 0.396307 0.116749 0.084659
0 0.737192 0.531676 0.170936 0.151989
0 0.739163 0.672869 0.114778 0.097443
0 0.758128 0.802273 0.148768 0.107955
0 0.443596 0.318608 0.223153 0.203125
0 0.472414 0.527699 0.249261 0.153125
0 0.518719 0.699432 0.200985 0.141477
0 0.543103 0.842614 0.172906 0.135795
0 0.184975 0.268608 0.165025 0.133239
0 0.217488 0.422869 0.157143 0.151989
0 0.267488 0.583949 0.193103 0.149716
0 0.319951 0.741193 0.213300 0.143750
0 0.368473 0.874858 0.172414 0.095170