0 1.796279 0.394698 0.124651 0.338733
0 1.768372 0.656848 0.068837 0.206186
0 1.742326 0.988954 0.117209 0.298969
0 1.729302 1.296024 0.115349 0.253314
0 1.726512 1.571429 0.137674 0.303387
0 1.614884 0.318115 0.135814 0.235641
0 1.603256 0.596465 0.121860 0.238586
0 1.596279 0.946981 0.150698 0.332842
0 1.580930 1.232695 0.129302 0.238586
0 1.561860 1.505891 0.158140 0.231222
0 1.430698 0.320324 0.100465 0.298969
0 1.440930 0.618557 0.135814 0.306333
0 1.409767 0.898380 0.095814 0.215022
0 1.406047 1.236377 0.105116 0.245950
0 1.413023 1.494845 0.139535 0.250368
0 1.255349 0.300442 0.129302 0.318115
0 1.257209 0.587629 0.095814 0.226804
0 1.255814 0.896907 0.107907 0.347570
0 1.108837 0.287187 0.107907 0.294551
0 1.104186 0.585420 0.098605 0.245950
0 1.101395 0.896171 0.111628 0.337261
0 0.980000 0.292342 0.129302 0.325479
0 0.951163 0.602356 0.112558 0.279823
0 0.948837 0.911635 0.141395 0.291605
0 0.939070 1.203240 0.138605 0.279823
0 0.953953 1.543446 0.095814 0.241532
0 0.784186 0.261414 0.176744 0.257732
0 0.793953 0.594256 0.138605 0.257732
0 0.795349 0.880707 0.117209 0.223859
0 0.796279 1.185567 0.152558 0.303387
0 0.815349 1.569219 0.153488 0.405007
0 0.621860 0.316642 0.138605 0.374080
0 0.605581 0.711340 0.135814 0.400589
0 0.627907 1.014728 0.117209 0.212077
0 0.452558 0.301915 0.112558 0.315169
0 0.453023 0.605302 0.132093 0.241532
0 0.477209 0.908689 0.132093 0.265096
0 0.493953 1.276878 0.150698 0.427099
0 0.519070 1.690722 0.124651 0.344624
0 0.300465 0.307806 0.165581 0.321060
0 0.317209 0.632548 0.150698 0.334315
0 0.328372 0.942563 0.117209 0.279823
0 0.342326 1.232695 0.115349 0.321060
0 0.363721 1.584683 0.148837 0.238586
0 0.128372 0.329897 0.141395 0.288660
0 0.149767 0.664212 0.150698 0.368189
0 0.143256 0.954345 0.143256 0.229750
0 0.165581 1.205449 0.167442 0.284242
0 0.179535 1.463918 0.109767 0.223859
0 0.180465 1.689249 0.141395 0.235641