0 1.578038 0.468417 0.101678 0.231337
0 1.510930 1.071370 0.101678 0.180476
0 1.498729 1.246924 0.093543 0.170632
0 1.487544 1.392125 0.075241 0.100082
0 1.442298 0.448728 0.135231 0.224774
0 1.412303 0.655455 0.111845 0.228056
0 1.399085 0.861362 0.093543 0.177194
0 1.288765 0.481542 0.118963 0.313372
0 1.274530 0.780148 0.096594 0.228056
0 1.262837 0.971288 0.087443 0.147662
0 1.108795 0.481542 0.137265 0.293683
0 1.109304 0.720263 0.140315 0.167350
0 1.110320 0.876948 0.119980 0.136177
0 0.976106 0.655455 0.101678 0.208368
0 0.968988 0.849877 0.107778 0.150943
0 0.960854 1.020509 0.119980 0.203445
0 0.953737 1.192781 0.105745 0.141099
0 0.841383 0.464315 0.161668 0.265792
0 0.832740 0.684167 0.109812 0.173913
0 0.823589 0.853158 0.093543 0.164069
0 0.810880 1.110747 0.084392 0.114848
0 0.685308 0.438884 0.140315 0.214930
0 0.681240 0.655455 0.146416 0.214930
0 0.685308 0.876948 0.122013 0.218212
0 0.676157 1.056604 0.126080 0.147662
0 0.650737 1.190320 0.122013 0.129614
0 0.646670 1.343724 0.089476 0.170632
0 0.529741 0.427400 0.103711 0.175554
0 0.532791 0.597211 0.101678 0.150943
0 0.533808 0.778507 0.111845 0.224774
0 0.393493 0.500410 0.128114 0.232978
0 0.402644 0.712059 0.126080 0.177194