0 1.592637 0.354538 0.235154 0.215671
0 1.541568 0.551590 0.228029 0.184639
0 1.549881 0.772692 0.218527 0.167572
0 1.522565 0.981381 0.213777 0.215671
0 1.503563 1.195888 0.228029 0.179209
0 1.508314 1.408844 0.256532 0.212568
0 1.541568 1.617145 0.235154 0.165244
0 1.364608 0.324282 0.206651 0.167572
0 1.327197 0.525213 0.184086 0.125679
0 1.330166 0.764934 0.223278 0.218774
0 1.296912 0.988363 0.201900 0.195500
0 1.266033 1.185027 0.218527 0.151280
0 1.270784 1.402250 0.218527 0.210240
0 1.300475 1.612102 0.235154 0.204810
0 1.144893 0.309542 0.197150 0.187742
0 1.096200 0.544608 0.201900 0.170675
0 1.079572 0.745151 0.244656 0.224205
0 1.057007 0.965089 0.228029 0.204810
0 1.057007 1.167572 0.213777 0.184639
0 1.064727 1.394104 0.210214 0.159814
0 1.072447 1.610163 0.239905 0.213344
0 0.914489 0.314973 0.223278 0.176881
0 0.890736 0.539566 0.213777 0.210240
0 0.862233 0.760279 0.213777 0.198604
0 0.853919 0.970520 0.206651 0.181536
0 0.836105 1.185415 0.213777 0.173778
0 0.838480 1.403413 0.201900 0.190846
0 0.865796 1.616757 0.206651 0.198604
0 0.697150 0.306439 0.192399 0.198604
0 0.672803 0.523662 0.162708 0.184639
0 0.662708 0.723817 0.159145 0.125679
0 0.646081 0.957331 0.228029 0.167572
0 0.637173 1.176881 0.210214 0.190846
0 0.624703 1.393328 0.228029 0.209465
0 0.660333 1.589216 0.180523 0.120248
0 0.497031 0.296354 0.162708 0.139643
0 0.455463 0.522886 0.274347 0.257564
0 0.423990 0.778510 0.249406 0.210240
0 0.420428 0.973235 0.197150 0.165244
0 0.400238 1.163693 0.192399 0.148953
0 0.434679 1.381691 0.192399 0.187742
0 0.422803 1.595035 0.261283 0.176881