0 1.574597 0.573770 0.318548 0.205349
0 1.582661 0.787748 0.350806 0.205349
0 1.556452 1.031061 0.298387 0.184642
0 1.526210 1.261432 0.346774 0.234685
0 1.214718 0.561691 0.268145 0.177739
0 1.258065 1.013805 0.274194 0.186368
0 1.227823 1.257981 0.302419 0.255393
0 0.935484 0.588438 0.250000 0.213978
0 0.959677 1.034513 0.266129 0.215703
0 0.970766 1.254530 0.199597 0.213978
0 0.969758 1.553063 0.262097 0.205349
0 0.643145 0.556946 0.278226 0.149267
0 0.685484 0.810181 0.282258 0.236411
0 0.667339 1.031924 0.318548 0.158758
0 0.689516 1.262295 0.286290 0.215703
0 0.675403 1.533218 0.318548 0.212252
0 0.395161 0.841242 0.266129 0.260569
0 0.395161 1.056083 0.258065 0.143227
0 0.382056 1.288179 0.284274 0.222606
0 0.385081 1.613460 0.318548 0.291631