0 0.858736 0.259690 0.137546 0.186047
0 0.821561 0.448320 0.133829 0.162791
0 0.819703 0.593669 0.152416 0.143411
0 0.803284 0.795220 0.162949 0.267442
0 0.692069 0.282946 0.148699 0.263566
0 0.659542 0.512274 0.120818 0.143411
0 0.666047 0.620801 0.111524 0.042636
0 0.657683 0.690568 0.143123 0.089147
0 0.652107 0.816537 0.139405 0.170543
0 0.553594 0.325581 0.109665 0.217054
0 0.543371 0.489018 0.118959 0.104651
0 0.531289 0.605297 0.113383 0.104651
0 0.525713 0.708010 0.120818 0.093023
0 0.529430 0.837855 0.105948 0.166667
0 0.426890 0.262920 0.130112 0.145995
0 0.431537 0.405685 0.109665 0.108527
0 0.426890 0.541344 0.118959 0.155039
0 0.414808 0.675065 0.120818 0.112403
0 0.402726 0.826227 0.100372 0.189922
0 0.315366 0.450258 0.122677 0.166667
0 0.295849 0.605297 0.098513 0.166667
0 0.300496 0.752584 0.115242 0.127907