0 0.694605 0.082448 0.057161 0.053129
0 0.696853 0.144235 0.066153 0.072806
0 0.697174 0.260921 0.068080 0.136954
0 0.708414 0.410468 0.073218 0.123573
0 0.715478 0.569067 0.071291 0.125935
0 0.721901 0.708383 0.087990 0.147973
0 0.722383 0.848091 0.083173 0.112554
0 0.626686 0.133018 0.090880 0.125935
0 0.617855 0.248918 0.075145 0.090909
0 0.621869 0.381936 0.079961 0.120031
0 0.630379 0.516135 0.098908 0.129477
0 0.635196 0.637544 0.089917 0.117277
0 0.633109 0.778434 0.088953 0.123573
0 0.625241 0.882723 0.077071 0.101535
0 0.531631 0.099961 0.063263 0.083432
0 0.536609 0.194805 0.078998 0.092090
0 0.550257 0.283943 0.067116 0.093270
0 0.549294 0.414207 0.063263 0.109012
0 0.545440 0.541913 0.063263 0.121999
0 0.559891 0.667060 0.076108 0.128296
0 0.554753 0.830579 0.078035 0.145218
0 0.473346 0.274892 0.082852 0.109012
0 0.474631 0.411255 0.104689 0.170799
0 0.476718 0.576151 0.078035 0.134593
0 0.479287 0.709170 0.092807 0.136954
0 0.476879 0.834317 0.091843 0.130657
0 0.383751 0.147580 0.091843 0.162141
0 0.388247 0.287879 0.077071 0.129477
0 0.393706 0.436049 0.070006 0.150335
0 0.405106 0.596812 0.081246 0.140496
0 0.391137 0.733766 0.071291 0.106651
0 0.395311 0.851240 0.087347 0.157418
0 0.314066 0.246556 0.080925 0.127115
0 0.321452 0.395317 0.084136 0.129477
0 0.327553 0.535813 0.086063 0.122393
0 0.327071 0.674538 0.087026 0.118851
0 0.318882 0.800079 0.089917 0.146399
0 0.312620 0.898859 0.056198 0.071625