0 1.335984 0.273358 0.493042 0.280296
0 1.357853 0.574931 0.493042 0.280296
0 1.395626 0.819149 0.493042 0.280296
0 1.371769 1.063367 0.493042 0.280296
0 1.353877 1.409806 0.377734 0.347826
0 1.403579 1.716466 0.493042 0.280296
0 0.937376 0.276133 0.332008 0.208141
0 0.918489 0.598057 0.493042 0.311748
0 0.976143 0.864015 0.377734 0.233117
0 0.954274 1.100833 0.302187 0.247919
0 1.005964 1.381129 0.345924 0.175763
0 0.968191 1.653099 0.409543 0.370028
0 0.528827 0.303423 0.377734 0.233117
0 0.512922 0.547641 0.377734 0.233117
0 0.512922 0.811748 0.377734 0.258094
0 0.590457 1.093432 0.377734 0.233117
0 0.555666 1.345051 0.463221 0.233117
0 0.579523 1.553191 0.355865 0.175763
0 0.582505 1.739593 0.393638 0.219241