0 1.003529 0.685724 0.249412 0.179487
0 1.032941 0.881497 0.188235 0.169092
0 1.032941 1.063756 0.249412 0.187110
0 1.017647 1.246362 0.207059 0.136521
0 1.024706 1.461538 0.244706 0.187110
0 0.711765 0.689536 0.218824 0.151074
0 0.741176 0.815315 0.214118 0.100485
0 0.741176 0.958420 0.225882 0.171864
0 0.750588 1.124740 0.183529 0.151074
0 0.764706 1.301455 0.225882 0.189882
0 0.752941 1.504505 0.272941 0.214830
0 0.444706 0.666320 0.207059 0.154539
0 0.448235 1.070686 0.225882 0.187110
0 0.457647 1.267498 0.218824 0.187110
0 0.431765 1.467082 0.280000 0.189882