0 1.857724 1.235066 0.214092 0.307215
0 1.880759 1.486424 0.207769 0.234290
0 1.878952 1.738169 0.224029 0.262995
0 1.691960 1.222653 0.191509 0.288596
0 1.714995 1.500388 0.205059 0.234290
0 1.714544 1.705974 0.151762 0.209465
0 1.492322 1.238945 0.252936 0.271528
0 1.500452 1.484872 0.283650 0.226532
0 1.571364 1.695888 0.194219 0.229635
0 1.095754 0.397207 0.160795 0.237393
0 1.083107 0.657099 0.200542 0.277735
0 1.099368 0.920869 0.233062 0.302560
0 0.897019 0.398371 0.196929 0.266098
0 0.885276 0.641583 0.213189 0.231187
0 0.885276 0.892940 0.227642 0.310318
0 0.420958 1.215283 0.160795 0.214895
0 0.274616 1.221102 0.164408 0.217223
0 0.266938 1.415826 0.194219 0.206362
0 0.271454 1.629170 0.210479 0.231187
0 0.119693 1.214119 0.138211 0.237393
0 0.113821 1.456555 0.184282 0.259891
0 0.108853 1.695888 0.174345 0.240497