0 0.657158 0.256195 0.123444 0.059153
0 0.642116 0.324341 0.182573 0.057154
0 0.627593 0.424860 0.168050 0.109512
0 0.654564 0.549161 0.192946 0.089528
0 0.672718 0.653877 0.175311 0.085532
0 0.660788 0.762590 0.170124 0.090328
0 0.668050 0.844524 0.170124 0.065548
0 0.633299 0.912670 0.150415 0.062750
0 0.385373 0.268985 0.148340 0.084732
0 0.372925 0.364309 0.173237 0.087530
0 0.367220 0.460631 0.141079 0.072342
0 0.371369 0.538969 0.180498 0.067546
0 0.334025 0.626499 0.209544 0.101918
0 0.370332 0.728817 0.197095 0.072342
0 0.378112 0.817546 0.177386 0.097122
0 0.404046 0.906675 0.175311 0.082734