0 1.041833 0.727240 0.101594 0.113087
0 1.035857 0.808677 0.047809 0.064011
0 1.041833 0.906117 0.091633 0.099573
0 1.023904 0.975107 0.099602 0.042674
0 1.012948 1.042674 0.093625 0.085349
0 1.018426 1.137980 0.096614 0.088193
0 1.022908 1.257824 0.129482 0.127312
0 1.034363 1.371977 0.126494 0.118065
0 1.025896 1.490754 0.103586 0.099573
0 0.925299 0.716572 0.111554 0.113087
0 0.931275 0.846373 0.129482 0.165007
0 0.919323 0.989331 0.109562 0.095306
0 0.930279 1.088193 0.091633 0.102418
0 0.922809 1.184211 0.096614 0.100996
0 0.919323 1.276671 0.079681 0.066856
0 0.909363 1.381223 0.099602 0.108108
0 0.899402 1.488976 0.089641 0.090327
0 0.824701 0.683499 0.071713 0.052632
0 0.814741 0.764225 0.113546 0.120199
0 0.811255 0.857752 0.086653 0.071124
0 0.818227 0.926031 0.106574 0.089616
0 0.820717 1.020626 0.103586 0.109531
0 0.828685 1.134068 0.091633 0.084637
0 0.820717 1.236842 0.111554 0.137980
0 0.803287 1.351351 0.116534 0.081081
0 0.806275 1.420341 0.106574 0.072546
0 0.782869 1.497866 0.079681 0.079659
0 0.689243 0.734708 0.103586 0.152205
0 0.705179 0.870555 0.131474 0.110953
0 0.689243 0.982930 0.099602 0.122333
0 0.706175 1.089616 0.103586 0.093883
0 0.715139 1.166785 0.115538 0.080370
0 0.711653 1.262091 0.116534 0.111664
0 0.698207 1.374822 0.121514 0.118065
0 0.702191 1.486486 0.089641 0.093883
0 0.580677 0.779161 0.083665 0.049075
0 0.590637 0.855974 0.121514 0.108819
0 0.581673 1.206259 0.107570 0.081081
0 0.596614 1.278094 0.113546 0.075391
0 0.604582 1.356686 0.099602 0.096017
0 0.598606 1.459104 0.111554 0.124467
0 0.475100 0.715505 0.073705 0.108108
0 0.483068 0.822902 0.103586 0.112376
0 0.486554 0.907539 0.076693 0.068279
0 0.476096 0.979374 0.099602 0.079659
0 0.478088 1.086060 0.099602 0.152205
0 0.484064 1.197724 0.083665 0.075391
0 0.489542 1.286629 0.116534 0.115220
0 0.363546 0.810100 0.131474 0.102418
0 0.368028 0.913229 0.106574 0.102418
0 0.380976 1.011380 0.106574 0.096728
0 0.377490 1.104552 0.109562 0.085349
0 0.378486 1.201991 0.113546 0.110953
0 0.402390 1.423186 0.139442 0.103841
0 0.419323 1.500000 0.089641 0.073969