0 1.550550 0.289844 0.125720 0.154688
0 1.543740 0.409375 0.091147 0.087500
0 1.548455 0.526563 0.083814 0.103125
0 1.566265 0.653906 0.094290 0.123438
0 1.602933 0.856250 0.125720 0.150000
0 1.420639 0.260547 0.085909 0.127344
0 1.434783 0.382031 0.066003 0.043750
0 1.436354 0.488281 0.075432 0.117188
0 1.444735 0.676562 0.092195 0.189062
0 1.470927 0.904687 0.129911 0.187500
0 1.315872 0.264062 0.092195 0.093750
0 1.324777 0.382031 0.105815 0.082812
0 1.321111 0.473828 0.102672 0.114844
0 1.334730 0.636719 0.113148 0.148438
0 1.334206 0.825781 0.128863 0.076563
0 1.337873 0.927344 0.142483 0.135937
0 1.215296 0.327344 0.100576 0.193750
0 1.220534 0.538281 0.119434 0.204687
0 1.193295 0.744141 0.092195 0.105469
0 1.203772 0.895312 0.106862 0.134375