0 1.749620 0.182783 0.135834 0.106132
0 1.781044 0.327241 0.099341 0.121462
0 1.783071 0.482311 0.107451 0.183962
0 1.808414 0.649175 0.109478 0.161557
0 1.826660 0.814269 0.117587 0.156840
0 1.548910 0.227005 0.121642 0.185142
0 1.566650 0.375590 0.136847 0.156840
0 1.585910 0.536557 0.142930 0.186321
0 1.591992 0.696344 0.110492 0.116745
0 1.600608 0.844340 0.127724 0.165094
0 1.343639 0.241156 0.144957 0.161557
0 1.357831 0.399175 0.096300 0.161557
0 1.356310 0.561321 0.117587 0.174528
0 1.364420 0.725236 0.113533 0.153302
0 1.366447 0.862028 0.087177 0.129717
0 1.138875 0.259434 0.144957 0.176887
0 1.153573 0.395047 0.129752 0.125000
0 1.151546 0.549528 0.117587 0.172170
0 1.155601 0.708726 0.113533 0.158019
0 1.142423 0.860259 0.119615 0.163915
0 0.929042 0.260024 0.102382 0.161557
0 0.913330 0.412736 0.115560 0.150943
0 0.922453 0.562500 0.121642 0.136792
0 0.920426 0.724057 0.121642 0.179245
0 0.916371 0.880896 0.109478 0.158019
0 0.727826 0.240566 0.093259 0.179245
0 0.714648 0.551297 0.135834 0.168632
0 0.701977 0.712264 0.102382 0.165094
0 0.698429 0.862618 0.119615 0.166274
0 0.537253 0.230542 0.133806 0.168632
0 0.526102 0.395047 0.119615 0.148585
0 0.501267 0.545991 0.142930 0.176887
0 0.490623 0.705778 0.166244 0.152123
0 0.464774 0.851415 0.159149 0.155660
0 0.310694 0.344340 0.138875 0.150943
0 0.284845 0.507075 0.152053 0.146226
0 0.262544 0.655071 0.143943 0.178066
0 0.245312 0.814858 0.127724 0.150943
0 1.724278 1.182193 0.093259 0.170991
0 1.743538 1.337264 0.121642 0.179245
0 1.766853 1.491745 0.111505 0.153302
0 1.787126 1.645047 0.115560 0.153302
0 1.811455 1.808373 0.127724 0.152123
0 1.589458 1.204009 0.117587 0.148585
0 1.609731 1.360849 0.125697 0.155660
0 1.622909 1.511203 0.117587 0.112028
0 1.643183 1.665094 0.119615 0.150943
0 1.658388 1.816038 0.129752 0.150943
0 1.460720 1.231722 0.107451 0.166274
0 1.473391 1.380896 0.104410 0.158019
0 1.491130 1.541274 0.123670 0.158019
0 1.499747 1.686321 0.144957 0.141509
0 1.515459 1.839623 0.107451 0.153302
0 1.319311 1.239387 0.104410 0.155660
0 1.331982 1.387972 0.107451 0.153302
0 1.346680 1.542453 0.098327 0.132075
0 1.359858 1.704009 0.102382 0.150943
0 1.368474 1.860849 0.113533 0.150943
0 1.183984 1.242925 0.117587 0.146226
0 1.202230 1.412736 0.121642 0.193396
0 1.216929 1.580778 0.106437 0.161557
0 1.219970 1.721698 0.100355 0.141509
0 1.228586 1.871462 0.117587 0.172170
0 1.062342 1.258844 0.113533 0.163915
0 1.061328 1.419811 0.121642 0.125000
0 1.063355 1.576061 0.107451 0.123821
0 1.071465 1.721698 0.123670 0.158019
0 1.079067 1.889151 0.102382 0.132075
0 0.919412 1.251179 0.127724 0.143868
0 0.931576 1.416863 0.131779 0.185142
0 0.926508 1.571344 0.107451 0.163915
0 0.921439 1.739387 0.111505 0.158019
0 0.922453 1.890330 0.117587 0.148585
0 0.780537 1.253538 0.125697 0.183962
0 0.770907 1.419222 0.106437 0.168632
0 0.781551 1.573703 0.115560 0.170991
0 0.777496 1.722877 0.129752 0.148585
0 0.774455 1.882665 0.127724 0.147406
0 0.645717 1.244104 0.109478 0.174528
0 0.648758 1.417453 0.125697 0.172170
0 0.642676 1.568396 0.107451 0.153302
0 0.625443 1.713443 0.107451 0.139151
0 0.623923 1.870283 0.136847 0.155660
0 0.519513 1.219929 0.100355 0.142689
0 0.513938 1.396226 0.131779 0.146226
0 0.500760 1.551887 0.125697 0.174528
0 0.486569 1.712854 0.125697 0.163915
0 0.467309 1.856722 0.115560 0.166274
0 0.360872 1.371462 0.123670 0.146226
0 0.361885 1.510024 0.119615 0.170991
0 0.339584 1.679835 0.123670 0.166274
0 0.322352 1.834316 0.150025 0.163915
0 0.252408 1.183962 0.119615 0.143868
0 0.237709 1.338443 0.144957 0.150943
0 0.221490 1.511792 0.138875 0.169811
0 0.198682 1.665684 0.125697 0.163915