0 1.161004 0.620690 0.289513 0.091954
0 1.172821 0.709991 0.336780 0.084881
0 0.837518 0.396994 0.257016 0.100796
0 0.844904 0.500884 0.307238 0.101680
0 0.859675 0.598585 0.283604 0.107869
0 0.883309 0.685234 0.277696 0.053050
0 0.571640 0.386826 0.322009 0.091070
0 0.565731 0.455349 0.292467 0.044209
0 0.562777 0.510168 0.292467 0.061892
0 0.577548 0.603006 0.268833 0.116711
0 0.593796 0.681256 0.265879 0.032714
0 0.607090 0.733864 0.257016 0.084881
0 0.301329 0.357648 0.200886 0.046861
0 0.288035 0.425287 0.268833 0.088417
0 0.270310 0.501326 0.245199 0.076039
0 0.289513 0.578249 0.236337 0.067197
0 0.313146 0.649867 0.295421 0.065429
0 0.313146 0.714412 0.289513 0.053050
0 0.738552 1.078691 0.579025 0.141468
0 0.762186 1.301061 0.567208 0.193634
0 0.926145 1.694076 0.245199 0.056587
0 0.903988 1.753316 0.189069 0.067197
0 0.954210 1.812555 0.271787 0.056587
0 0.423929 1.687887 0.233383 0.076039
0 0.384047 1.751547 0.165436 0.065429
0 0.375185 1.813439 0.230428 0.068966