0 1.634454 0.228950 0.226891 0.261116
0 1.651261 0.482498 0.221289 0.200568
0 1.641457 0.755440 0.226891 0.216651
0 1.589636 1.030274 0.243697 0.223273
0 1.577031 1.328288 0.212885 0.230842
0 1.584034 1.507096 0.137255 0.100284
0 1.575630 1.743614 0.198880 0.253548
0 1.204482 0.235572 0.263305 0.251656
0 1.232493 0.524125 0.252101 0.249763
0 1.194678 0.794702 0.254902 0.200568
0 1.214986 1.072848 0.264706 0.287606
0 1.227591 1.736518 0.264706 0.294229
0 0.756303 0.211921 0.201681 0.223273
0 0.760504 0.453169 0.187675 0.204352
0 0.781513 0.708136 0.190476 0.235572
0 0.776611 1.025071 0.320728 0.332072
0 0.782913 1.356670 0.252101 0.232734
0 0.808123 1.669347 0.249300 0.311258
0 0.360644 0.266793 0.239496 0.291391
0 0.362745 0.576159 0.260504 0.259224
0 0.387955 0.904920 0.282913 0.313150
0 0.373950 1.174078 0.215686 0.145695
0 0.351541 1.430464 0.232493 0.174078