0 0.689122 0.152384 0.206587 0.158053
0 0.704341 0.277259 0.131238 0.101034
0 0.717066 0.384962 0.136727 0.112371
0 0.696357 0.504502 0.141218 0.153384
0 0.725549 0.692064 0.162675 0.189730
0 0.739022 0.859620 0.249501 0.151384
0 0.501996 0.130043 0.142715 0.155385
0 0.500499 0.280093 0.136727 0.118039
0 0.506737 0.401634 0.178144 0.121040
0 0.518713 0.565522 0.161178 0.204735
0 0.530190 0.730577 0.134232 0.104702
0 0.517465 0.855952 0.176647 0.153384
0 0.288673 0.145215 0.221058 0.121040
0 0.286178 0.293931 0.141218 0.123041
0 0.325599 0.434645 0.184132 0.161054
0 0.337325 0.635879 0.206587 0.195398
0 0.307884 0.868623 0.176647 0.184728