0 0.600056 0.393155 0.088876 0.046411
0 0.593069 0.455927 0.083846 0.075793
0 0.603410 0.513189 0.101174 0.040735
0 0.612074 0.572120 0.099497 0.073790
0 0.618502 0.642738 0.089994 0.072788
0 0.628284 0.711686 0.098379 0.067112
0 0.499441 0.492321 0.112353 0.082471
0 0.516490 0.569449 0.098379 0.069783
0 0.522638 0.622371 0.079374 0.036060
0 0.524874 0.705175 0.102851 0.059432
0 0.378424 0.462938 0.117384 0.076461
0 0.390162 0.520701 0.102851 0.033055
0 0.397708 0.569115 0.104528 0.055760
0 0.403577 0.617028 0.095025 0.046077