0 0.849569 0.150415 0.139828 0.109505
0 0.841948 0.315595 0.125911 0.134728
0 0.856859 0.451707 0.091451 0.112888
0 0.834824 0.609043 0.134195 0.123039
0 0.816269 0.774223 0.134858 0.110120
0 0.808317 0.860504 0.077866 0.059366
0 0.665673 0.168871 0.147117 0.142110
0 0.668323 0.326823 0.133863 0.146109
0 0.645626 0.493848 0.094433 0.115349
0 0.659708 0.646878 0.157720 0.142725
0 0.652584 0.802676 0.136183 0.181175
0 0.481776 0.158874 0.160371 0.120886
0 0.488072 0.325592 0.139828 0.156567
0 0.485255 0.478930 0.130881 0.124269
0 0.474486 0.622424 0.080186 0.112888
0 0.487906 0.780837 0.103711 0.144263
0 0.307820 0.168717 0.126574 0.149185
0 0.325050 0.316826 0.125911 0.105814
0 0.323559 0.464472 0.169980 0.167333
0 0.339298 0.645955 0.098741 0.154414
0 0.302684 0.788065 0.143472 0.135958
0 0.127734 0.199323 0.148111 0.134728
0 0.135686 0.325900 0.161365 0.127653
0 0.123426 0.514149 0.134858 0.145494
0 0.142644 0.663181 0.089795 0.105198
0 0.128396 0.796524 0.114314 0.131959