0 0.775971 0.179010 0.122125 0.131223
0 0.774980 0.295022 0.111420 0.104487
0 0.755155 0.415489 0.099524 0.133374
0 0.760706 0.535034 0.124108 0.120467
0 0.757534 0.672711 0.109040 0.100799
0 0.638184 0.441610 0.120936 0.138906
0 0.631047 0.598033 0.143933 0.178242
0 0.618557 0.748156 0.095163 0.111555
0 0.623117 0.869545 0.113799 0.120160
0 0.511697 0.125077 0.109040 0.138906
0 0.508128 0.271512 0.124901 0.154579
0 0.494251 0.418254 0.129659 0.124155
0 0.485131 0.578365 0.120936 0.191764
0 0.478192 0.769975 0.130056 0.190227
0 0.385210 0.132452 0.134417 0.123540
0 0.381840 0.254456 0.146709 0.124155
0 0.367764 0.400891 0.127280 0.129994
0 0.359040 0.583743 0.128866 0.185310
0 0.351507 0.785034 0.127280 0.152735
0 0.248216 0.179932 0.134814 0.154579
0 0.232157 0.375845 0.106661 0.114935
0 0.229778 0.542256 0.111420 0.123848