0 0.694264 0.160644 0.227273 0.159892
0 0.746212 0.326408 0.141775 0.143933
0 0.724297 0.476664 0.135823 0.121048
0 0.725649 0.661849 0.182900 0.126468
0 0.719426 0.807739 0.271104 0.154472
0 0.512716 0.470641 0.192100 0.168624
0 0.512716 0.604035 0.242965 0.109003
0 0.498647 0.747817 0.163961 0.171936
0 0.525433 0.891147 0.173160 0.114122
0 0.293561 0.194971 0.208333 0.154472
0 0.307359 0.420506 0.217532 0.177356
0 0.302760 0.574977 0.163961 0.124962
0 0.282468 0.714544 0.230519 0.143933
0 0.280844 0.851551 0.189394 0.122855