0 0.348413 0.267615 0.038889 0.041652
0 0.350397 0.304408 0.046825 0.035404
0 0.347619 0.355953 0.038095 0.064214
0 0.347222 0.429018 0.040476 0.040958
0 0.353968 0.498959 0.046825 0.066991
0 0.357540 0.601701 0.049206 0.062825
0 0.299008 0.295557 0.054365 0.098924
0 0.303571 0.377820 0.053968 0.062825
0 0.304762 0.440646 0.043651 0.056578
0 0.308730 0.502083 0.048413 0.046165
0 0.310714 0.560222 0.044444 0.041652
0 0.305556 0.612461 0.048413 0.046859
0 0.248810 0.303888 0.046825 0.069767
0 0.251190 0.367928 0.042063 0.030545
0 0.256548 0.422249 0.054365 0.064214
0 0.258929 0.495488 0.049603 0.061437
0 0.267857 0.556751 0.045238 0.072891