0 1.487257 0.279762 0.277913 0.242063
0 1.472087 0.555556 0.220874 0.220238
0 1.503034 0.824405 0.180825 0.176587
0 1.502427 1.317460 0.199029 0.200397
0 1.451456 1.576389 0.320388 0.339286
0 1.013350 0.350198 0.235437 0.351190
0 1.030340 1.253968 0.274272 0.396825
0 0.983010 1.603175 0.250000 0.281746
0 0.591019 0.367063 0.233010 0.250000
0 0.591019 0.578373 0.167476 0.182540
0 0.614078 0.770833 0.223301 0.216270
0 0.621966 0.974206 0.219660 0.212302
0 0.599515 1.196429 0.223301 0.202381
0 0.591019 1.390873 0.172330 0.144841
0 0.552184 1.615079 0.225728 0.196429