0 0.899696 0.747893 0.076422 0.113277
0 0.901216 0.858799 0.092488 0.109589
0 0.809162 0.503425 0.093356 0.161749
0 0.803083 0.677819 0.092488 0.183878
0 0.803300 0.849579 0.118107 0.172287
0 0.708641 0.613014 0.099001 0.101686
0 0.702996 0.741043 0.085975 0.133298
0 0.697134 0.879083 0.097699 0.145943
0 0.617673 0.674394 0.091620 0.162276
0 0.604863 0.847208 0.095528 0.170706
0 0.530178 0.126976 0.072948 0.115911
0 0.534086 0.543994 0.072080 0.117492
0 0.536474 0.666754 0.088146 0.145943
0 0.464177 0.512118 0.072080 0.134879
0 0.466348 0.631718 0.085106 0.120126
0 0.469605 0.718915 0.079462 0.083772
0 0.495658 0.827187 0.124620 0.153846
0 0.354972 0.117492 0.101172 0.109589
0 0.356492 0.223130 0.091185 0.096417
0 0.368867 0.347734 0.096830 0.168599
0 0.377334 0.508693 0.089449 0.133298
0 0.373426 0.628293 0.103343 0.148051
0 0.376031 0.734721 0.090317 0.091149
0 0.270951 0.122497 0.077290 0.112223
0 0.287234 0.454162 0.092488 0.109589
0 0.287234 0.585616 0.093356 0.161749
0 0.285280 0.789515 0.085106 0.200738
0 0.202562 0.274236 0.091620 0.104847
0 0.203647 0.590095 0.091185 0.164384
0 0.186496 0.790306 0.115067 0.178082
0 0.104212 0.331928 0.113765 0.158061
0 0.101172 0.582455 0.113765 0.265016