0 1.483373 1.209027 0.171813 0.186996
0 1.485352 1.422891 0.147268 0.171951
0 1.330958 1.219774 0.140934 0.197743
0 1.322249 1.419667 0.147268 0.161204
0 1.181314 1.243418 0.137767 0.206341
0 1.179731 1.440086 0.117181 0.197743
0 1.036421 1.188608 0.066508 0.111768
0 1.047506 1.285330 0.106097 0.094573
0 1.050673 1.447609 0.106097 0.217088
0 0.923199 1.220312 0.066508 0.136486
0 0.930721 1.340140 0.100554 0.131112
0 0.921615 1.471252 0.107680 0.150457
0 0.798892 1.230521 0.128266 0.161204
0 0.786619 1.360559 0.129058 0.090274
0 0.784640 1.479850 0.196358 0.135411
0 0.658749 1.193982 0.120348 0.081677
0 0.659541 1.298227 0.166271 0.118216
0 0.624703 1.452982 0.121932 0.180548
0 0.480602 1.247716 0.188440 0.199893