0 0.508828 0.392056 0.150883 0.040187
0 0.500803 0.424766 0.128411 0.022430
0 0.487961 0.459813 0.166934 0.044860
0 0.490369 0.502570 0.155698 0.039720
0 0.504815 0.529673 0.136437 0.018224
0 0.493579 0.558178 0.142857 0.038785
0 0.501605 0.591121 0.142857 0.033645
0 0.360353 0.383411 0.136437 0.039720
0 0.347512 0.411449 0.130016 0.019159
0 0.352327 0.434346 0.117175 0.021028
0 0.323435 0.460981 0.155698 0.030374
0 0.323435 0.538551 0.155698 0.020093
0 0.323435 0.567523 0.142857 0.035047
0 0.581862 0.677336 0.171750 0.037850
0 0.601124 0.708879 0.168539 0.022430
0 0.627608 0.735047 0.163724 0.030841
0 0.677368 0.771963 0.150883 0.046729
0 0.692616 0.809112 0.149278 0.027570
0 0.746388 0.843458 0.186196 0.036449
0 0.790530 0.877570 0.133226 0.027103
0 0.398876 0.683645 0.142857 0.033645
0 0.432584 0.720561 0.133226 0.028972
0 0.463884 0.761215 0.166934 0.043925
0 0.528892 0.810047 0.155698 0.041589
0 0.537721 0.862150 0.266453 0.051402