0 1.734079 0.268317 0.101549 0.116220
0 1.741824 0.399192 0.137694 0.101061
0 1.738382 0.634664 0.110155 0.274886
0 1.601979 0.288530 0.107573 0.197069
0 1.593373 0.484083 0.124785 0.200101
0 1.586919 0.681657 0.137694 0.207175
0 1.329174 0.268823 0.133391 0.210207
0 1.339931 0.489136 0.163511 0.210207
0 1.362306 0.706923 0.135972 0.156645
0 1.158348 0.277918 0.113597 0.181910
0 1.176420 0.467408 0.180723 0.186963
0 1.161360 0.678120 0.150602 0.220313
0 0.905766 0.245579 0.159208 0.192016
0 0.898881 0.454775 0.141997 0.171804
0 0.864888 0.641233 0.163511 0.176857
0 0.713855 0.235472 0.150602 0.200101
0 0.680723 0.452249 0.173838 0.186963
0 0.647160 0.692774 0.180723 0.277918
0 0.395009 0.294088 0.161790 0.254674
0 0.383821 0.516422 0.144578 0.204144
0 0.391566 0.726630 0.180723 0.240526
0 0.213425 0.262759 0.137694 0.181910
0 0.216867 0.464376 0.179002 0.197069
0 0.189329 0.692774 0.168675 0.235472
0 1.546041 1.282971 0.176420 0.197069
0 1.552496 1.513896 0.154905 0.234462
0 1.592083 1.749368 0.173838 0.200101
0 1.378657 1.313795 0.180723 0.262759
0 1.361446 1.542193 0.146299 0.200101
0 1.348107 1.731177 0.159208 0.224356
0 0.980207 1.250126 0.173838 0.202122
0 0.956971 1.454270 0.197935 0.208186
0 0.941910 1.688732 0.133391 0.204144
0 0.634682 1.249116 0.150602 0.169783
0 0.649312 1.457302 0.150602 0.194037
0 0.651893 1.687721 0.159208 0.244568
0 0.492255 1.239010 0.137694 0.189995