0 0.857794 0.166459 0.076572 0.188279
0 0.833181 0.360973 0.098450 0.193267
0 0.836372 0.511222 0.082954 0.134663
0 0.827256 0.643392 0.113947 0.149626
0 0.824066 0.777431 0.094804 0.150873
0 0.748405 0.114713 0.058341 0.079800
0 0.721513 0.256234 0.095716 0.183292
0 0.671376 0.795511 0.082954 0.157107
0 0.597995 0.122818 0.103920 0.173317
0 0.563355 0.307357 0.154968 0.233167
0 0.551960 0.467581 0.077484 0.112219
0 0.541477 0.621571 0.133090 0.233167
0 0.541021 0.819825 0.130356 0.195761
0 0.445761 0.115337 0.109389 0.180798
0 0.421604 0.340399 0.126709 0.284289
0 0.402917 0.564214 0.122151 0.188279
0 0.406563 0.755611 0.138560 0.214464
0 0.300820 0.174564 0.136737 0.329177
0 0.278487 0.501247 0.128532 0.354115
0 0.273017 0.768703 0.128532 0.218204
0 0.174567 0.144638 0.077484 0.239401
0 0.158159 0.493766 0.108478 0.214464
0 0.148131 0.729426 0.115770 0.266833
0 0.077028 0.232544 0.112124 0.278055
0 0.079763 0.409601 0.070191 0.113466
0 0.087967 0.543641 0.073838 0.144638