0 0.705795 0.236266 0.167357 0.204376
0 0.694855 0.433892 0.139562 0.164804
0 0.690716 0.609404 0.131283 0.134078
0 0.706978 0.804935 0.159077 0.160149
0 0.538143 0.216480 0.139562 0.147114
0 0.529864 0.457635 0.178593 0.208566
0 0.535482 0.656657 0.183915 0.193203
0 0.531342 0.861034 0.159077 0.180168
0 0.373448 0.189711 0.144885 0.107542
0 0.375222 0.410615 0.175636 0.307263
0 0.369604 0.696229 0.186872 0.254655
0 0.203726 0.262104 0.206387 0.252328
0 0.204908 0.520484 0.214666 0.255121
0 0.201064 0.781890 0.201064 0.241620