0 1.547919 0.235966 0.218159 0.254995
0 1.546028 0.472407 0.242119 0.195052
0 1.573770 0.712655 0.214376 0.209324
0 1.571879 0.931494 0.218159 0.188392
0 1.583859 1.154139 0.262295 0.241675
0 1.599622 1.408183 0.218159 0.241675
0 1.591425 1.656518 0.199243 0.171265
0 1.208071 0.226451 0.242119 0.220742
0 1.231400 0.488107 0.273644 0.294957
0 1.215637 0.743102 0.237074 0.211227
0 1.166456 0.970504 0.254729 0.201713
0 1.225095 1.229781 0.245902 0.269267
0 1.200504 1.470980 0.237074 0.156042
0 1.196721 1.686965 0.214376 0.222645
0 0.843632 0.265461 0.242119 0.234063
0 0.836696 0.554710 0.230769 0.313987
0 0.844893 0.828735 0.237074 0.209324
0 0.831021 1.043768 0.209332 0.235966
0 0.853720 1.360133 0.224464 0.269267
0 0.871375 1.559467 0.211854 0.138915
0 0.868852 1.719315 0.194199 0.169363
0 0.495586 0.251665 0.214376 0.248335
0 0.482976 0.519981 0.239596 0.238820
0 0.452081 0.809705 0.273644 0.277831
0 0.476671 1.394386 0.196721 0.217888
0 0.451450 1.638915 0.211854 0.195052