0 1.255070 0.789637 0.048362 0.060325
0 1.253120 0.860789 0.053822 0.074246
0 1.256240 0.926527 0.047582 0.071152
0 1.262090 1.000000 0.049922 0.074246
0 1.257800 1.074633 0.053822 0.078113
0 1.257800 1.142305 0.053822 0.060325
0 1.254680 1.237432 0.053822 0.095901
0 1.207098 1.262568 0.053822 0.056458
0 1.152886 1.265661 0.059282 0.056458
0 1.099844 1.267595 0.053042 0.060325
0 1.035881 1.263341 0.065523 0.054911
0 0.944228 1.267208 0.074103 0.056458
0 0.877535 1.267208 0.057722 0.056458
0 0.822543 1.267208 0.056942 0.056458
0 0.756630 1.267208 0.074883 0.056458
0 0.686427 1.270688 0.065523 0.049497
0 0.681747 1.223511 0.049922 0.047951
0 0.683307 1.162413 0.062402 0.078886
0 0.683697 1.087007 0.060062 0.073473
0 0.679797 1.021655 0.058502 0.054138
0 0.679797 0.959010 0.058502 0.068059
0 0.680967 0.895592 0.057722 0.061872
0 0.676287 0.839907 0.059282 0.061872
0 0.677067 0.773395 0.060842 0.068059
0 0.726989 0.736272 0.067083 0.055684
0 0.810452 0.736272 0.088924 0.055684
0 0.884555 0.736272 0.053042 0.055684
0 0.942668 0.736272 0.063183 0.055684
0 1.007410 0.736272 0.061622 0.055684
0 1.076833 0.737819 0.072543 0.055684
0 1.148986 0.736272 0.079563 0.055684
0 1.228939 0.736272 0.089704 0.055684