0 0.611083 0.106456 0.140449 0.103300
0 0.609295 0.185653 0.103166 0.067145
0 0.612104 0.276614 0.146578 0.096413
0 0.610572 0.385509 0.142492 0.093831
0 0.629469 0.489383 0.152707 0.083501
0 0.625894 0.602152 0.136364 0.088092
0 0.626915 0.697274 0.162921 0.106743
0 0.650153 0.801722 0.181818 0.113630
0 0.319969 0.117073 0.140449 0.067145
0 0.318948 0.202296 0.130235 0.107891
0 0.326098 0.302869 0.156793 0.083501
0 0.318948 0.385796 0.146578 0.080057
0 0.335291 0.474605 0.138407 0.111334
0 0.325843 0.584648 0.119510 0.090387
0 0.342952 0.691966 0.148621 0.091535
0 0.346016 0.791535 0.146578 0.093831