0 0.499609 0.683687 0.061033 0.044316
0 0.496674 0.718529 0.056729 0.031792
0 0.494718 0.746628 0.058294 0.028259
0 0.492958 0.787572 0.053208 0.046564
0 0.492958 0.824021 0.054773 0.030829
0 0.494523 0.849711 0.062598 0.019268
0 0.501174 0.876044 0.064163 0.033398
0 0.496088 0.909602 0.069640 0.038215
0 0.431925 0.677103 0.050861 0.031150
0 0.434272 0.708092 0.053991 0.033398
0 0.431925 0.747592 0.062598 0.052665
0 0.431338 0.798812 0.059859 0.054913
0 0.438380 0.835421 0.056729 0.022800
0 0.436033 0.865446 0.055947 0.042389
0 0.433294 0.904303 0.056729 0.046885
0 0.378912 0.684811 0.056729 0.049133
0 0.369131 0.725755 0.059077 0.042389
0 0.375000 0.756583 0.048905 0.026333
0 0.373826 0.781631 0.056729 0.028902
0 0.371479 0.800096 0.048122 0.018947
0 0.375000 0.825466 0.056729 0.029223
0 0.378326 0.903340 0.063380 0.044958
0 0.316119 0.671805 0.050861 0.026975
0 0.315532 0.705042 0.059859 0.039499
0 0.318858 0.744220 0.063380 0.038857
0 0.316706 0.776012 0.059077 0.029223
0 0.317293 0.810854 0.061815 0.032113
0 0.320814 0.845697 0.063380 0.040784
0 0.318858 0.889692 0.063380 0.056198
0 0.259585 0.687380 0.057512 0.045922
0 0.261933 0.733462 0.059077 0.042389
0 0.261541 0.774406 0.056729 0.040784
0 0.262324 0.812299 0.058294 0.037572
0 0.267214 0.852280 0.050861 0.044316