0 1.665102 0.847415 0.070819 0.272383
0 1.594710 0.812106 0.073379 0.221942
0 1.522184 0.809584 0.071672 0.247163
0 1.448805 0.828499 0.075085 0.295082
0 1.378840 0.769231 0.058020 0.216898
0 1.319966 0.819672 0.066553 0.267339
0 1.262799 0.812106 0.051195 0.282472
0 1.202218 0.754098 0.064846 0.247163
0 1.123720 0.776797 0.073379 0.232030
0 1.057167 0.764187 0.056314 0.216898
0 0.975256 0.786885 0.075085 0.272383
0 0.886519 0.786885 0.080205 0.272383
0 0.803754 0.746532 0.061433 0.171501
0 0.746587 0.774275 0.066553 0.226986
0 0.673208 0.791929 0.078498 0.252207
0 0.598976 0.812106 0.064846 0.242119
0 0.522184 0.804540 0.061433 0.216898
0 0.385666 0.844893 0.085324 0.237074