0 1.775059 1.654354 0.082084 0.142480
0 1.683504 1.654354 0.088398 0.147757
0 1.595501 1.667546 0.078137 0.163588
0 1.509471 1.679420 0.101815 0.187335
0 1.402526 1.686675 0.080505 0.170185
0 1.310971 1.691293 0.089976 0.158311
0 1.217837 1.699208 0.086819 0.174142
0 1.119179 1.693931 0.096290 0.137203
0 1.027624 1.715040 0.072612 0.153034
0 0.952644 1.664908 0.042620 0.073879
0 0.958169 1.737467 0.069455 0.060686
0 0.879637 1.704485 0.076559 0.153034
0 0.795185 1.697889 0.084451 0.150396
0 0.704815 1.711741 0.089976 0.180739
0 0.613654 1.718997 0.087609 0.168865
0 0.529992 1.723615 0.068666 0.159631
0 0.458564 1.703166 0.074191 0.134565
0 0.375691 1.696570 0.088398 0.137203
0 0.275848 1.730871 0.108129 0.163588
0 0.175217 1.726913 0.083662 0.182058