0 0.720528 0.233948 0.178862 0.179275
0 0.721545 0.434838 0.121951 0.161475
0 0.714431 0.643357 0.152439 0.167832
0 0.738821 0.825493 0.166667 0.121424
0 0.507114 0.196758 0.168699 0.163382
0 0.507114 0.376987 0.134146 0.132231
0 0.501524 0.509218 0.139228 0.097902
0 0.505589 0.645900 0.147358 0.153846
0 0.490854 0.825493 0.126016 0.155753
0 0.306911 0.181818 0.111789 0.120788
0 0.310467 0.366815 0.129065 0.133503
0 0.291667 0.492689 0.132114 0.120788
0 0.291667 0.644946 0.150407 0.127781
0 0.293191 0.841068 0.139228 0.118245