0 1.542777 0.353357 0.280505 0.278647
0 1.527349 0.707723 0.255259 0.240283
0 1.537167 0.958607 0.210379 0.184755
0 1.295231 0.389702 0.262272 0.379606
0 1.309958 0.703685 0.230014 0.260475
0 1.332398 0.896517 0.201964 0.165573
0 1.328892 1.057042 0.220196 0.207976
0 1.311360 1.246845 0.196353 0.191822
0 1.319074 1.519435 0.220196 0.199899
0 1.044881 0.355376 0.227209 0.254417
0 1.049790 0.558304 0.180926 0.139324
0 1.062412 0.746088 0.223001 0.197880
0 1.079243 1.360929 0.262272 0.310954
0 1.067321 1.615346 0.244039 0.205957
0 0.803647 0.348309 0.274895 0.292781
0 0.821879 0.670369 0.235624 0.314992
0 0.791024 0.973246 0.246844 0.209995
0 0.802244 1.268551 0.252454 0.243311
0 0.799439 1.540636 0.246844 0.262494
0 0.546985 0.330136 0.274895 0.317012
0 0.552595 0.670369 0.269285 0.294801
0 0.548387 0.964160 0.274895 0.294801
0 0.541374 1.279152 0.280505 0.296820
0 0.537167 1.560323 0.249649 0.245331