0 1.232510 0.807547 0.113855 0.164151
0 1.236626 0.946226 0.086420 0.058491
0 1.239369 1.082547 0.144033 0.131132
0 1.222222 1.219340 0.142661 0.108491
0 1.216049 1.354245 0.163237 0.119811
0 1.203018 1.479717 0.120713 0.110377
0 1.114540 0.377358 0.146776 0.169811
0 1.109053 0.502830 0.130316 0.088679
0 1.106310 0.660377 0.144033 0.141509
0 1.086420 0.801887 0.096022 0.084906
0 1.076818 0.942453 0.120713 0.100000
0 1.065158 1.082075 0.196159 0.177358
0 1.063100 1.225472 0.150892 0.103774
0 1.050069 1.360377 0.152263 0.130189
0 1.053498 1.472642 0.148148 0.113208
0 0.960219 0.355660 0.134431 0.105660
0 0.946502 0.508491 0.106996 0.135849
0 0.935528 0.653774 0.104252 0.124528
0 0.936900 0.822642 0.183813 0.173585
0 0.919067 0.947642 0.148148 0.110377
0 0.902606 1.092453 0.115226 0.141509
0 0.910837 1.211792 0.134431 0.110377
0 0.908093 1.336792 0.159122 0.133962
0 0.898491 1.466981 0.164609 0.132075
0 0.792181 0.377358 0.174211 0.141509
0 0.773663 0.512264 0.170096 0.132075
0 0.762003 0.651887 0.176955 0.160377
0 0.736626 0.789623 0.159122 0.126415
0 0.741427 0.956604 0.102881 0.111321
0 0.740055 1.080189 0.152263 0.137736
0 0.718107 1.207075 0.122085 0.099057
0 0.735254 1.352358 0.200274 0.136792
0 0.732510 1.488679 0.181070 0.122642
0 0.617970 0.356132 0.133059 0.102830
0 0.612483 0.509906 0.124829 0.123585
0 0.608368 0.793396 0.152263 0.122642
0 0.593278 0.940094 0.122085 0.106604
0 0.590535 1.074528 0.138546 0.130189
0 0.582305 1.225943 0.174211 0.142453
0 0.556241 1.362736 0.152263 0.136792
0 0.460219 0.365094 0.146776 0.141509
0 0.452675 0.507547 0.115226 0.107547
0 0.449246 0.631132 0.124829 0.147170
0 0.449246 0.938208 0.135802 0.112264
0 0.450617 1.093396 0.144033 0.135849
0 0.417695 1.217453 0.135802 0.112264
0 0.402606 1.360377 0.168724 0.124528
0 0.418381 1.469811 0.145405 0.105660