0 0.866118 0.148578 0.117956 0.123243
0 0.867693 0.324616 0.121106 0.150376
0 0.856493 0.515364 0.116906 0.120628
0 0.843717 0.690749 0.099055 0.137300
0 0.849667 0.863844 0.101155 0.136319
0 0.707560 0.159693 0.138957 0.179470
0 0.704760 0.319549 0.122856 0.134358
0 0.691460 0.485289 0.124956 0.144819
0 0.694260 0.662144 0.094155 0.121281
0 0.510501 0.154135 0.138957 0.203661
0 0.518376 0.341778 0.163108 0.149395
0 0.502100 0.507846 0.122156 0.170971
0 0.508925 0.677182 0.140007 0.123243
0 0.502625 0.822001 0.149107 0.151357
0 0.313791 0.182249 0.138957 0.210853
0 0.310466 0.385584 0.149107 0.186662
0 0.321491 0.552305 0.127056 0.144819
0 0.324641 0.686008 0.138957 0.131742
0 0.309940 0.824289 0.122156 0.155933
0 0.149982 0.146453 0.131957 0.163452
0 0.144207 0.372180 0.128106 0.195162
0 0.155933 0.559823 0.115856 0.140896
0 0.155058 0.698104 0.098005 0.101667
0 0.149632 0.832298 0.099055 0.119647