0 1.241935 0.242245 0.384615 0.227190
0 1.260546 0.468522 0.297767 0.197993
0 1.305211 1.010036 0.367246 0.198905
0 1.282878 1.208029 0.357320 0.204380
0 1.277916 1.399179 0.421836 0.190693
0 1.258065 1.583029 0.322581 0.193431
0 0.713400 0.230839 0.439206 0.191606
0 0.697270 0.441606 0.441687 0.233577
0 0.749380 0.663777 0.277916 0.190693
0 0.745658 0.856296 0.339950 0.201642
0 0.727047 1.067518 0.302730 0.233577
0 0.746898 1.249544 0.253102 0.141423
0 0.756824 1.399635 0.332506 0.193431
0 0.771712 1.584854 0.362283 0.177007