0 0.497717 0.546036 0.112633 0.053708
0 0.499239 0.604433 0.106545 0.048878
0 0.504059 0.653879 0.116185 0.051719
0 0.500507 0.699915 0.099949 0.036374
0 0.511416 0.747940 0.113648 0.050583
0 0.508371 0.793549 0.114663 0.040068
0 0.499493 0.837880 0.115170 0.039500
0 0.493912 0.871839 0.093861 0.022734
0 0.497463 0.902813 0.102993 0.040352
0 0.399543 0.541489 0.088787 0.042342
0 0.401826 0.581131 0.091324 0.031827
0 0.405885 0.626172 0.094368 0.046888
0 0.399290 0.676897 0.091324 0.051719
0 0.403349 0.728332 0.099442 0.046036
0 0.402334 0.770673 0.106545 0.037511
0 0.393455 0.819125 0.090817 0.052003
0 0.396499 0.876385 0.090817 0.051719
0 0.306697 0.548167 0.096905 0.051151
0 0.307204 0.598181 0.095890 0.040352
0 0.306190 0.651748 0.095890 0.049730
0 0.303399 0.748934 0.091324 0.044047
0 0.304414 0.795681 0.090309 0.038647
0 0.300101 0.837880 0.099949 0.041205
0 0.295789 0.886616 0.095383 0.058539
0 0.215627 0.545325 0.094368 0.051719
0 0.216388 0.599744 0.090817 0.045752
0 0.213851 0.646775 0.088787 0.048309
0 0.211060 0.706593 0.082192 0.061665