0 0.221003 0.109683 0.100313 0.092545
0 0.249216 0.234790 0.115987 0.138817
0 0.251176 0.412168 0.110502 0.149100
0 0.241379 0.558698 0.062696 0.075407
0 0.241379 0.703513 0.119122 0.149100
0 0.146552 0.173950 0.086207 0.133676
0 0.152429 0.304199 0.072884 0.095973
0 0.156348 0.412168 0.088558 0.121680
0 0.153213 0.528706 0.091693 0.119966
0 0.144984 0.635390 0.075235 0.093402
0 0.145376 0.730077 0.077586 0.075407
0 0.144984 0.844901 0.109718 0.135390
0 0.550549 0.259640 0.226489 0.270780
0 0.541928 0.574979 0.245298 0.353042
0 0.808777 0.246787 0.269592 0.341045
0 0.813480 0.592117 0.235110 0.329049