0 0.618610 0.206941 0.099840 0.109071
0 0.626597 0.340066 0.085463 0.105766
0 0.629792 0.468968 0.082268 0.116048
0 0.630192 0.596768 0.102236 0.105031
0 0.634984 0.721631 0.105431 0.121190
0 0.502796 0.208043 0.095048 0.112743
0 0.505192 0.339882 0.082268 0.112743
0 0.506789 0.469152 0.085463 0.114212
0 0.494808 0.587771 0.112620 0.087036
0 0.502796 0.717224 0.111022 0.110173
0 0.374601 0.205105 0.089457 0.104664
0 0.382588 0.337863 0.087859 0.111642
0 0.385383 0.470437 0.083866 0.121190
0 0.375799 0.596217 0.075879 0.094381
0 0.382188 0.724936 0.088658 0.118986
0 0.265974 0.206206 0.089457 0.107602
0 0.262380 0.338597 0.095048 0.116048
0 0.263179 0.473375 0.075879 0.118252
0 0.259585 0.601359 0.079872 0.100257
0 0.256390 0.725487 0.102236 0.120823