0 1.595294 0.212212 0.183529 0.178480
0 1.618824 0.415030 0.221176 0.140051
0 1.624706 0.685739 0.221176 0.220325
0 1.630000 0.900939 0.220000 0.186166
0 1.630588 1.075149 0.221176 0.128096
0 1.624118 1.231426 0.203529 0.136635
0 1.630588 1.431255 0.211765 0.187874
0 1.634706 1.656704 0.191765 0.184458
0 1.328235 0.218617 0.176471 0.160547
0 1.333529 0.440649 0.220000 0.184458
0 1.365882 0.669086 0.207059 0.166524
0 1.380000 0.847139 0.195294 0.170794
0 1.384706 1.139624 0.214118 0.255337
0 1.411765 1.425705 0.202353 0.164816
0 1.398235 1.575576 0.191765 0.146883
0 1.403529 1.722459 0.195294 0.152007
0 1.056471 0.204953 0.188235 0.131512
0 1.091765 0.393681 0.200000 0.208369
0 1.121176 0.643040 0.200000 0.172502
0 1.141176 0.832195 0.211765 0.216055
0 1.147647 1.058924 0.205882 0.211785
0 1.151176 1.254056 0.217647 0.175064
0 1.148824 1.495303 0.245882 0.192997
0 1.182353 1.683177 0.195294 0.191289
0 0.838824 0.243809 0.195294 0.139197
0 0.851765 0.441503 0.185882 0.175918
0 0.871765 0.616140 0.197647 0.130658
0 0.883529 0.789069 0.190588 0.181042
0 0.879412 0.973100 0.205882 0.159693
0 0.884706 1.192143 0.207059 0.261315
0 0.897059 1.454740 0.203529 0.245090
0 0.914118 1.685312 0.200000 0.159693
0 0.618824 0.253629 0.202353 0.165670
0 0.620000 0.418873 0.185882 0.147737
0 0.638824 0.591802 0.190588 0.152007
0 0.647647 0.746371 0.203529 0.136635
0 0.654118 0.912041 0.174118 0.133219
0 0.644118 1.175918 0.245882 0.264731
0 0.625294 1.456020 0.203529 0.175918
0 0.647059 1.679761 0.207059 0.201537
0 0.359412 0.231426 0.177647 0.169086
0 0.361176 0.430401 0.190588 0.174210
0 0.381176 0.628523 0.155294 0.160547
0 0.398824 0.866781 0.190588 0.213493
0 0.378824 1.140478 0.190588 0.207515
0 0.338824 1.488898 0.221176 0.187020