0 0.792719 0.121053 0.169113 0.156275
0 0.766882 0.279352 0.169113 0.156275
0 0.787434 0.444534 0.169113 0.156275
0 0.761597 0.623887 0.169113 0.156275
0 0.780975 0.793522 0.192601 0.165182
0 0.573106 0.120243 0.192601 0.165182
0 0.567528 0.251417 0.176747 0.100405
0 0.593658 0.510729 0.151497 0.102429
0 0.588373 0.639271 0.192601 0.165182
0 0.588373 0.795142 0.192601 0.165182
0 0.364651 0.119433 0.192601 0.184615
0 0.381386 0.291700 0.184968 0.134818
0 0.379918 0.451417 0.229008 0.181377
0 0.391955 0.624696 0.195537 0.153846
0 0.379918 0.790283 0.182032 0.190283
0 0.191133 0.126721 0.163829 0.188664
0 0.204052 0.315182 0.163829 0.177733
0 0.187317 0.471255 0.156195 0.145749
0 0.216089 0.599595 0.140928 0.129555