0 1.649203 0.220554 0.191344 0.197091
0 1.689066 0.428907 0.166287 0.227123
0 1.635535 0.686063 0.191344 0.185828
0 1.646925 0.885031 0.168565 0.148287
0 1.646925 1.108400 0.218679 0.174566
0 1.633257 1.306898 0.173121 0.156734
0 1.635535 1.517597 0.186788 0.193336
0 1.604784 1.735805 0.152620 0.252464
0 1.429385 0.203660 0.161731 0.197091
0 1.454442 0.441107 0.161731 0.168935
0 1.411162 0.655092 0.132118 0.165181
0 1.415718 0.895354 0.186788 0.180197
0 1.429385 1.114969 0.191344 0.198968
0 1.406606 1.316753 0.200456 0.170812
0 1.384396 1.536368 0.201595 0.212107
0 1.386105 1.754106 0.207289 0.208353
0 1.178815 0.228062 0.179954 0.178320
0 1.193622 0.417644 0.159453 0.197091
0 1.194761 0.580009 0.148064 0.144533
0 1.187927 0.726420 0.205011 0.165181
0 1.190205 0.923510 0.202733 0.217738
0 1.189066 1.109338 0.152620 0.161427
0 1.181093 1.321445 0.148064 0.153918
0 1.185649 1.520413 0.220957 0.165181
0 1.167426 1.731581 0.175399 0.240263
0 0.957859 0.208353 0.184510 0.183951
0 0.944191 0.456124 0.184510 0.232755
0 0.941913 0.692633 0.193622 0.244017
0 0.958998 0.931957 0.218679 0.200845
0 0.951025 1.109338 0.148064 0.165181
0 0.956150 1.328954 0.156036 0.161427
0 0.960137 1.555138 0.166287 0.245894
0 0.972665 1.744721 0.182232 0.152041
0 0.722096 0.225246 0.150342 0.183951
0 0.734624 0.468325 0.166287 0.217738
0 0.708428 0.666823 0.109339 0.184890
0 0.716401 0.820741 0.129841 0.147349
0 0.530182 0.222431 0.158314 0.193336
0 0.519362 0.426091 0.141230 0.236509
0 0.517084 0.783670 0.136674 0.140779
0 0.488610 0.944158 0.138952 0.187705
0 0.498861 1.139371 0.154897 0.172689
0 0.489749 1.342093 0.218679 0.202722
0 0.495444 1.557015 0.143508 0.157672
0 0.492027 1.740028 0.202733 0.217738
0 0.298405 0.212107 0.191344 0.150164
0 0.265376 0.426091 0.193622 0.285312
0 0.297267 0.726420 0.170843 0.232755
0 0.294989 0.922572 0.166287 0.189582
0 0.294989 1.150634 0.175399 0.240263
0 0.293850 1.345847 0.173121 0.172689
0 0.271640 1.527921 0.194761 0.217738
0 0.287016 1.750352 0.159453 0.193336