0 1.734879 0.206266 0.159274 0.193211
0 1.712702 0.369887 0.131048 0.137511
0 1.705645 0.560487 0.159274 0.181027
0 1.712702 0.718886 0.145161 0.123586
0 1.712702 0.880766 0.147177 0.146214
0 1.690524 1.053960 0.151210 0.168842
0 1.711694 1.223673 0.143145 0.168842
0 1.712702 1.410792 0.131048 0.134030
0 1.720766 1.582245 0.183468 0.189730
0 1.728831 1.745866 0.153226 0.151436
0 1.521169 0.189730 0.135081 0.154917
0 1.518145 0.373368 0.177419 0.172324
0 1.505040 0.539164 0.135081 0.169713
0 1.521169 0.711923 0.151210 0.181027
0 1.518145 0.889469 0.171371 0.174064
0 1.520161 1.064404 0.153226 0.165361
0 1.519153 1.233681 0.135081 0.174935
0 1.533266 1.398172 0.159274 0.164491
0 1.538306 1.573107 0.112903 0.138381
0 1.539315 1.738033 0.143145 0.161880
0 1.333669 0.204526 0.163306 0.175805
0 1.326613 0.370757 0.155242 0.167102
0 1.329637 0.548303 0.127016 0.140992
0 1.335685 0.713664 0.145161 0.165361
0 1.333669 0.895561 0.151210 0.181027
0 1.334677 1.068755 0.169355 0.193211
0 1.326613 1.232376 0.137097 0.158399
0 1.337702 1.398607 0.175403 0.151436
0 1.346774 1.560487 0.129032 0.165361
0 1.357863 1.744996 0.179435 0.175805
0 1.141129 0.204526 0.127016 0.182768
0 1.138105 0.377720 0.143145 0.153177
0 1.161290 0.550044 0.193548 0.160139
0 1.145161 0.712794 0.137097 0.172324
0 1.156250 0.907746 0.175403 0.172324
0 1.143145 1.067015 0.137097 0.167102
0 1.154234 1.232376 0.131048 0.167102
0 1.165323 1.405570 0.161290 0.175805
0 1.179435 1.584856 0.193548 0.186249
0 1.181452 1.765013 0.127016 0.160139
0 0.984879 0.219321 0.159274 0.196693
0 0.982863 0.387293 0.139113 0.158399
0 0.985887 0.555265 0.129032 0.160139
0 0.986895 0.724978 0.131048 0.161880
0 0.989919 0.905570 0.153226 0.188860
0 0.995968 1.063534 0.153226 0.128808
0 0.994960 1.234117 0.114919 0.175805
0 1.000000 1.398607 0.135081 0.186249
0 0.997984 1.590949 0.147177 0.210618
0 1.004032 1.765013 0.153226 0.174064
0 0.816532 0.201044 0.155242 0.179286
0 0.803427 0.373368 0.122984 0.144473
0 0.823589 0.549173 0.153226 0.161880
0 0.824597 0.721497 0.151210 0.158399
0 0.823589 0.886858 0.163306 0.140992
0 0.829637 1.053090 0.155242 0.208877
0 0.832661 1.226284 0.145161 0.165361
0 0.837702 1.409922 0.143145 0.167102
0 0.846774 1.584856 0.135081 0.170583
0 0.839718 1.756310 0.185484 0.181027
0 0.637097 0.198433 0.215726 0.201915
0 0.644153 0.345518 0.171371 0.125326
0 0.636089 0.530896 0.171371 0.203655
0 0.635081 0.716275 0.169355 0.175805
0 0.646169 0.900783 0.169355 0.186249
0 0.643145 1.072237 0.137097 0.154917
0 0.642137 1.231506 0.145161 0.161880
0 0.663306 1.399478 0.145161 0.153177
0 0.664315 1.581375 0.187500 0.193211
0 0.671875 1.767624 0.172379 0.217581
0 0.464718 0.204526 0.161290 0.161880
0 0.448589 0.375109 0.145161 0.154917
0 0.452621 0.553525 0.151210 0.160139
0 0.445565 0.731941 0.155242 0.193211
0 0.443548 0.895561 0.153226 0.163621
0 0.453629 1.070496 0.187500 0.194952
0 0.452621 1.239339 0.179435 0.139252
0 0.473790 1.402959 0.169355 0.187990
0 0.495464 1.598782 0.168347 0.186249
0 0.489919 1.774587 0.153226 0.165361
0 0.259073 0.216710 0.135081 0.168842
0 0.269153 0.381201 0.151210 0.132289
0 0.263105 0.587467 0.183468 0.214099
0 0.257056 0.867711 0.179435 0.222802
0 0.272177 1.069626 0.149194 0.172324
0 0.282258 1.252393 0.155242 0.189730
0 0.290323 1.432550 0.161290 0.154917
0 0.293347 1.593560 0.199597 0.186249
0 0.302419 1.774587 0.169355 0.161880