0 1.605295 2.376623 0.046530 0.122449
0 1.659045 2.371058 0.057762 0.126160
0 1.709587 2.371058 0.040112 0.111317
0 1.748095 2.378479 0.040112 0.126160
0 1.789811 2.371058 0.040112 0.126160
0 1.829122 2.378479 0.041717 0.133581
0 1.880465 2.374768 0.051344 0.141002
0 1.928600 2.374768 0.038508 0.133581
0 1.968712 2.380334 0.041717 0.115028
0 2.034497 2.406308 0.038508 0.144712
0 2.137986 2.397032 0.059366 0.126160
0 2.189330 2.397032 0.040112 0.133581
0 2.227838 2.393321 0.040112 0.141002
0 2.269555 2.391466 0.043321 0.107607
0 2.363418 2.382189 0.060971 0.133581
0 2.417168 2.385900 0.049739 0.141002
0 2.463698 2.384045 0.043321 0.107607
0 2.519856 2.382189 0.075411 0.141002
0 1.448857 2.356215 0.070598 0.148423
0 1.388688 2.358071 0.052948 0.166976
0 1.335740 2.359926 0.052948 0.141002
0 1.284396 2.348794 0.056157 0.141002
0 1.221821 2.348794 0.072202 0.141002
0 0.979543 2.352505 0.065784 0.155844
0 0.918572 2.358071 0.059366 0.137291
0 0.860008 2.354360 0.064180 0.129870
0 0.797433 2.359926 0.054553 0.148423
0 0.736462 2.345083 0.073807 0.163265
0 3.476133 3.727273 0.046530 0.144712
0 3.476133 3.862709 0.056157 0.126160
0 2.742880 3.732839 0.049739 0.155844
0 2.746891 3.866419 0.057762 0.133581
0 2.265544 3.749536 0.044926 0.159555
0 2.267148 3.875696 0.057762 0.100186
0 0.727637 3.755102 0.052948 0.163265
0 0.729242 3.896104 0.056157 0.118738
0 0.304051 3.755102 0.052948 0.163265
0 0.311272 3.890538 0.057762 0.107607