0 0.505058 0.145977 0.034200 0.060230
0 0.500482 0.221149 0.035645 0.061609
0 0.498073 0.285287 0.032755 0.052874
0 0.500963 0.340690 0.026012 0.027586
0 0.493979 0.393563 0.040944 0.060690
0 0.487958 0.464138 0.043353 0.064828
0 0.547206 0.150805 0.032755 0.063448
0 0.545520 0.217701 0.026493 0.041839
0 0.539981 0.282529 0.041426 0.061149
0 0.548170 0.364828 0.030829 0.051034
0 0.552987 0.418391 0.031792 0.055172
0 0.552023 0.478161 0.046243 0.059770
0 0.921724 0.594253 0.054432 0.060230
0 0.917389 0.669885 0.045761 0.083678
0 0.916185 0.748966 0.043353 0.068046
0 0.921243 0.811494 0.033237 0.049655
0 0.874759 0.585287 0.037572 0.045057
0 0.879576 0.629425 0.020231 0.023908
0 0.880058 0.713103 0.032755 0.068046
0 0.880058 0.773793 0.027938 0.042299
0 0.821291 0.592184 0.034682 0.061609
0 0.828276 0.652874 0.034200 0.057931
0 0.829961 0.698851 0.035645 0.035862
0 0.828035 0.737241 0.033719 0.035402
0 0.826830 0.786207 0.047688 0.060690
0 0.834778 0.850115 0.047206 0.068966
0 0.775289 0.588506 0.045761 0.056092
0 0.782274 0.779770 0.037572 0.072644
0 0.793353 0.848966 0.034682 0.044598
0 0.250723 0.640230 0.025530 0.032644
0 0.244701 0.782299 0.028902 0.045517
0 0.235067 0.836552 0.039499 0.056552
0 0.214355 0.586897 0.032755 0.050115
0 0.216522 0.648506 0.029383 0.042759
0 0.208574 0.706207 0.025048 0.049655
0 0.203516 0.757471 0.037091 0.041839
0 0.196291 0.848966 0.035164 0.039080
0 0.178468 0.585517 0.039017 0.051954
0 0.170279 0.714943 0.033237 0.057931
0 0.166908 0.775402 0.036127 0.038161