0 0.900801 0.208804 0.056940 0.304740
0 0.849644 0.277652 0.048043 0.320542
0 0.805160 0.301354 0.052491 0.336343
0 0.757340 0.297968 0.050267 0.302483
0 0.706183 0.347630 0.058274 0.361174
0 0.658585 0.302483 0.043149 0.279910
0 0.618105 0.250564 0.033363 0.126411
0 0.577180 0.332957 0.042260 0.268623
0 0.538923 0.345372 0.037811 0.261851
0 0.499778 0.325056 0.041370 0.279910
0 0.459075 0.328442 0.044484 0.273138
0 0.425044 0.312641 0.037811 0.250564
0 0.387011 0.338600 0.048932 0.329571
0 0.341637 0.297968 0.040925 0.248307
0 0.305383 0.316027 0.038701 0.343115
0 0.258230 0.304740 0.053826 0.320542
0 0.211966 0.305869 0.051157 0.381490
0 0.162144 0.278781 0.053826 0.345372