0 1.623932 0.200475 0.188034 0.150555
0 1.631054 0.357369 0.207977 0.142631
0 1.676638 0.520206 0.236467 0.154517
0 1.686610 0.697702 0.227920 0.184628
0 1.685185 0.854992 0.219373 0.128368
0 1.674501 1.014263 0.163818 0.136292
0 1.703704 1.175119 0.239316 0.147385
0 1.717949 1.341918 0.256410 0.167195
0 1.685185 1.519017 0.207977 0.163233
0 1.707977 1.683043 0.239316 0.142631
0 1.394587 0.210777 0.190883 0.167987
0 1.411681 0.379556 0.219373 0.148970
0 1.431624 0.515848 0.190883 0.137876
0 1.455128 0.687797 0.232194 0.137876
0 1.470085 0.854992 0.173789 0.142631
0 1.481481 1.038827 0.199430 0.150555
0 1.477208 1.195721 0.259259 0.175911
0 1.466524 1.354596 0.198006 0.148177
0 1.480057 1.534865 0.225071 0.115689
0 1.486467 1.675911 0.232194 0.153724
0 1.176638 0.191759 0.199430 0.171157
0 1.194444 0.370840 0.232194 0.158479
0 1.217949 0.561014 0.213675 0.218700
0 1.232194 0.746830 0.156695 0.141838
0 1.245014 0.893819 0.170940 0.142631
0 1.267806 1.041601 0.182336 0.141838
0 1.217949 1.187797 0.196581 0.163233
0 1.232194 1.360935 0.202279 0.160856
0 1.239316 1.519810 0.193732 0.136292
0 1.240741 1.680666 0.219373 0.128368
0 0.924501 0.202853 0.270655 0.190174
0 0.965812 0.375594 0.182336 0.148970
0 1.007123 0.537242 0.219373 0.150555
0 1.017094 0.683043 0.188034 0.145800
0 1.000000 0.837956 0.233618 0.154517
0 1.015670 1.011094 0.233618 0.166403
0 1.018519 1.181458 0.219373 0.163233
0 1.035613 1.364897 0.196581 0.167195
0 1.017094 1.527734 0.245014 0.147385
0 0.962963 1.680666 0.196581 0.172742
0 0.786325 0.722662 0.262108 0.152139
0 0.754986 0.887480 0.216524 0.194929
0 0.786325 1.060222 0.188034 0.161648
0 0.794160 1.242076 0.223647 0.202060
0 0.760684 1.711569 0.188034 0.133122
0 0.452991 0.213946 0.190883 0.148970
0 0.468661 0.373613 0.207977 0.148177
0 0.493590 0.555864 0.266382 0.198891
0 0.522792 0.721474 0.222222 0.154517
0 0.508547 0.874010 0.210826 0.160063
0 0.539886 1.031696 0.236467 0.160063
0 0.515670 1.521395 0.222222 0.182250
0 0.537037 1.679477 0.264957 0.129160
0 0.246439 0.224643 0.236467 0.217908
0 0.256410 0.404517 0.230769 0.148177
0 0.263533 0.561807 0.230769 0.175911
0 0.298433 0.725040 0.254986 0.169572
0 0.293447 0.882726 0.182336 0.145800
0 0.292735 1.049921 0.209402 0.167987
0 0.298433 1.207607 0.095442 0.126783
0 0.304843 1.366086 0.168091 0.147385
0 0.302707 1.503170 0.209402 0.093502
0 0.303419 1.675119 0.259259 0.171157