0 0.690972 0.207661 0.123397 0.118402
0 0.691774 0.336510 0.121795 0.101906
0 0.708868 0.483138 0.157051 0.175220
0 0.705929 0.641496 0.123397 0.125367
0 0.722756 0.788856 0.130342 0.143695
0 0.527244 0.217009 0.121795 0.129765
0 0.549679 0.371701 0.118590 0.103372
0 0.548077 0.489186 0.165598 0.138196
0 0.550481 0.651393 0.123397 0.133431
0 0.568109 0.800220 0.152244 0.141496
0 0.386485 0.225257 0.143697 0.146261
0 0.392361 0.361804 0.108440 0.095308
0 0.393162 0.479655 0.133547 0.128666
0 0.408387 0.633614 0.106303 0.104472
0 0.423344 0.793255 0.120192 0.115836
0 0.220353 0.303336 0.086004 0.054619
0 0.228098 0.382148 0.159188 0.108138
0 0.231838 0.520345 0.162393 0.172654
0 0.237447 0.673204 0.184295 0.154326
0 0.263622 0.810667 0.158654 0.096408