0 0.646126 0.163276 0.184607 0.184456
0 0.647686 0.308706 0.143006 0.091061
0 0.651326 0.418946 0.139886 0.114743
0 0.657826 0.538859 0.136245 0.108406
0 0.646906 0.644930 0.177847 0.107738
0 0.662246 0.778853 0.154446 0.152769
0 0.486739 0.147765 0.120645 0.143429
0 0.489600 0.258839 0.126365 0.076051
0 0.492460 0.367912 0.164327 0.140761
0 0.503380 0.807038 0.147686 0.090394
0 0.347894 0.309206 0.147686 0.114743
0 0.345034 0.431788 0.144046 0.136424
0 0.345814 0.557038 0.106084 0.104069
0 0.355694 0.677618 0.134165 0.127085