0 0.198025 0.262934 0.163202 0.209373
0 0.215696 0.497870 0.159044 0.199635
0 0.226091 0.842970 0.235967 0.437005
0 0.215177 1.223372 0.201663 0.236153
0 0.234927 1.462568 0.172557 0.317712
0 0.443347 0.237371 0.225572 0.216677
0 0.480249 0.485088 0.191268 0.254413
0 0.476611 0.769324 0.163202 0.241023
0 0.492723 1.134510 0.249480 0.379793
0 0.509356 1.471698 0.199584 0.231284
0 0.790021 0.251369 0.143451 0.259282
0 0.826403 0.874620 0.301455 0.332319
0 0.823285 1.191722 0.195426 0.299452
0 0.813410 1.566646 0.287942 0.460134
0 1.173077 0.380402 0.213098 0.407791
0 1.158004 0.757152 0.191268 0.360316
0 1.139813 1.124163 0.154886 0.288497
0 1.146050 1.388923 0.215177 0.214242
0 1.175676 1.625076 0.193347 0.270237
0 1.492723 0.317712 0.172557 0.245892
0 1.536383 0.715764 0.199584 0.423615
0 1.561331 1.133293 0.187110 0.301887
0 1.556133 1.443701 0.187110 0.275107
0 1.495322 1.636032 0.150728 0.170420
0 1.678274 0.357882 0.152807 0.238588