0 0.539125 0.136414 0.092060 0.076215
0 0.526755 0.213549 0.089183 0.051546
0 0.540276 0.272091 0.094361 0.059647
0 0.540852 0.335604 0.085155 0.057069
0 0.557537 0.398012 0.079402 0.063328
0 0.561565 0.471649 0.123130 0.073638
0 0.570483 0.547128 0.119102 0.074374
0 0.424626 0.129234 0.115075 0.060383
0 0.434120 0.193299 0.096087 0.069219
0 0.439586 0.266753 0.107020 0.067378
0 0.447066 0.336892 0.107020 0.073638
0 0.453970 0.408689 0.094361 0.073638
0 0.461738 0.472202 0.090334 0.057069
0 0.457710 0.542710 0.112198 0.087629