0 0.353535 0.215372 0.303030 0.110488
0 0.383838 0.307446 0.222222 0.080064
0 0.456566 0.444355 0.282828 0.083267
0 0.470707 0.530825 0.218182 0.107286
0 0.513131 0.614091 0.218182 0.080064
0 0.549495 0.688151 0.210101 0.044035
0 0.569697 0.734187 0.226263 0.062450
0 0.555556 0.819055 0.222222 0.113691
0 0.556566 0.910328 0.111111 0.068855
0 0.581818 0.950761 0.185859 0.034428
0 0.573737 1.004003 0.202020 0.081665
0 0.612121 1.076061 0.206061 0.080064
0 0.600000 1.147318 0.218182 0.065653
0 0.588889 1.204163 0.216162 0.060849
0 0.591919 1.268215 0.226263 0.086469
0 0.592929 1.346677 0.175758 0.070456
0 0.567677 1.415933 0.206061 0.074460
0 0.583838 1.482786 0.222222 0.080064
0 0.531313 1.559247 0.222222 0.101681
0 0.474747 1.641313 0.202020 0.075260