0 0.725701 0.344814 0.163731 0.120348
0 0.742661 0.491489 0.192433 0.115202
0 0.757665 0.633808 0.192433 0.148852
0 0.761579 0.794141 0.242009 0.163104
0 0.490541 0.208234 0.180039 0.127474
0 0.527723 0.499208 0.198304 0.139351
0 0.539791 0.632621 0.230267 0.143310
0 0.529028 0.807007 0.176125 0.123911
0 0.294847 0.204473 0.182648 0.097783
0 0.287019 0.342241 0.204827 0.165875
0 0.306262 0.510491 0.217221 0.179335
0 0.294847 0.662114 0.182648 0.152415
0 0.319635 0.778504 0.176125 0.097783
0 0.317678 0.857086 0.148728 0.095804