0 0.746365 0.137931 0.205170 0.151724
0 0.741115 0.258621 0.217286 0.114058
0 0.732633 0.382759 0.210016 0.153316
0 0.724960 0.529973 0.207593 0.159151
0 0.721729 0.708488 0.201131 0.201061
0 0.491922 0.181963 0.231018 0.190981
0 0.493942 0.319629 0.217286 0.103448
0 0.492730 0.427586 0.214863 0.130504
0 0.490307 0.572944 0.205170 0.160212
0 0.499596 0.734483 0.191438 0.168170
0 0.245961 0.159947 0.223748 0.110875
0 0.241115 0.293369 0.228595 0.159151
0 0.248384 0.433422 0.228595 0.130504
0 0.265347 0.546950 0.202746 0.106101
0 0.264540 0.709019 0.228595 0.218037