0 0.388348 0.291828 0.041699 0.036036
0 0.388932 0.337194 0.048324 0.045689
0 0.384645 0.387066 0.048324 0.045045
0 0.390686 0.445946 0.061185 0.068211
0 0.393219 0.516892 0.059236 0.065959
0 0.393609 0.578024 0.064692 0.046654
0 0.365744 0.695463 0.051052 0.043436
0 0.328137 0.313385 0.063913 0.059846
0 0.329501 0.375804 0.062744 0.064994
0 0.337880 0.430180 0.053780 0.044402
0 0.331839 0.478443 0.061185 0.052767
0 0.331255 0.533784 0.058457 0.053411
0 0.321317 0.593308 0.072097 0.059846
0 0.310795 0.665058 0.075214 0.085586