0 0.623024 0.148682 0.120553 0.100155
0 0.633646 0.261705 0.154644 0.124031
0 0.617342 0.393333 0.140810 0.154109
0 0.620800 0.539690 0.170455 0.136744
0 0.648221 0.645891 0.111660 0.089922
0 0.658350 0.771783 0.186265 0.171163
0 0.424901 0.148062 0.064229 0.087132
0 0.431818 0.263101 0.090909 0.141085
0 0.453310 0.384031 0.125000 0.112558
0 0.470356 0.512713 0.136364 0.145426
0 0.474802 0.659070 0.136364 0.136744
0 0.479249 0.788682 0.150198 0.113798
0 0.234437 0.158605 0.131917 0.122481
0 0.261858 0.280000 0.118577 0.129612
0 0.244812 0.408837 0.224802 0.151008
0 0.265316 0.571938 0.179842 0.169612
0 0.282115 0.760310 0.186759 0.219535