0 1.893204 0.992565 0.120986 0.349442
0 1.899178 1.303594 0.138910 0.346964
0 1.909634 1.670384 0.109037 0.376704
0 1.776699 0.998761 0.100075 0.396530
0 1.768857 1.323420 0.106796 0.327138
0 1.770724 1.662949 0.120986 0.401487
0 1.616878 1.003717 0.132935 0.371747
0 1.619866 1.382900 0.135922 0.436183
0 1.626587 1.728625 0.107543 0.304833
0 1.492905 0.957869 0.112024 0.349442
0 1.495892 1.355638 0.129948 0.465923
0 1.489918 1.722429 0.117999 0.361834
0 1.336819 0.983891 0.149365 0.451053
0 1.344287 1.365551 0.113518 0.451053
0 1.347647 1.696406 0.106796 0.285006
0 1.211725 0.996283 0.123226 0.446097
0 1.206124 1.328377 0.109037 0.327138
0 1.202390 1.674102 0.119492 0.403965
0 1.041075 1.001239 0.119492 0.456010
0 1.043316 1.392813 0.117999 0.386617
0 1.044810 1.739777 0.117999 0.317224
0 0.917849 0.939281 0.117999 0.361834
0 0.920836 1.261462 0.115011 0.371747
0 0.918969 1.687732 0.123226 0.431227
0 0.765497 0.934325 0.134429 0.371747
0 0.775952 1.293680 0.123973 0.426270
0 0.770724 1.676580 0.131441 0.408922
0 0.645258 0.956629 0.134429 0.495663
0 0.471994 0.934325 0.134429 0.495663
0 0.483196 1.288724 0.112024 0.277571
0 0.489171 1.625774 0.129948 0.446097
0 0.361090 1.021066 0.124720 0.406444
0 0.357730 1.369269 0.112024 0.379182
0 0.354742 1.691450 0.123973 0.359356
0 0.182972 0.934325 0.109037 0.361834
0 0.177745 1.236679 0.131441 0.332094
0 0.187080 1.573730 0.127707 0.436183
0 0.062733 0.960347 0.098581 0.413879