0 1.414875 0.357843 0.270609 0.180927
0 1.385305 0.572193 0.275986 0.192513
0 1.366487 0.745098 0.238351 0.144385
0 1.327061 0.927807 0.302867 0.162210
0 1.313620 1.141711 0.275986 0.222816
0 1.317204 1.323529 0.218638 0.094474
0 1.290323 1.463012 0.293907 0.205882
0 1.053763 0.403298 0.308244 0.273619
0 1.046595 0.687166 0.322581 0.292335
0 1.020609 0.922460 0.256272 0.146168
0 1.030466 1.063280 0.297491 0.137255
0 0.982975 1.293226 0.317204 0.270945
0 0.951613 1.531194 0.261649 0.176471
0 0.675627 0.377897 0.275986 0.217469
0 0.688172 0.590018 0.311828 0.171123
0 0.684588 0.774064 0.279570 0.164884
0 0.608423 0.954100 0.284946 0.157754
0 0.630824 1.174688 0.340502 0.224599
0 0.636201 1.446078 0.358423 0.257576