0 1.169431 0.244367 0.334123 0.211438
0 1.216825 0.463605 0.234597 0.168111
0 1.258294 0.652946 0.279621 0.158579
0 1.289100 0.882149 0.379147 0.201040
0 1.357820 1.119584 0.317536 0.218371
0 1.381517 1.340121 0.398104 0.191508
0 1.370853 1.559359 0.324645 0.220971
0 1.399289 1.786828 0.324645 0.168111
0 0.611374 0.195841 0.341232 0.135182
0 0.582938 0.384315 0.407583 0.188042
0 0.469194 0.618718 0.360190 0.207972
0 0.558057 0.846620 0.414692 0.214905
0 0.577014 1.062392 0.414692 0.164645
0 0.549763 1.280763 0.360190 0.251300
0 0.548578 1.520364 0.414692 0.188042
0 0.546209 1.755633 0.533175 0.256499