0 1.494658 1.738260 0.326923 0.208564
0 1.113248 1.727901 0.363248 0.169890
0 1.315171 0.468232 0.318376 0.237569
0 1.337607 0.800760 0.346154 0.196823
0 0.353632 0.114641 0.254274 0.140884
0 0.340812 0.286257 0.237179 0.196823
0 0.370726 0.486188 0.241453 0.179558
0 0.379808 0.632942 0.231838 0.102901
0 0.388889 0.745166 0.177350 0.132597
0 0.377137 0.852210 0.217949 0.075967
0 0.386218 0.948204 0.227564 0.109116
0 0.395833 1.049033 0.199786 0.093923
0 0.384615 1.171271 0.222222 0.156077
0 0.373397 1.305249 0.263889 0.135359
0 0.385684 1.444061 0.254274 0.167127
0 0.384615 1.822169 0.286325 0.194061