0 0.619249 0.127480 0.096714 0.111442
0 0.601643 0.250165 0.122535 0.116733
0 0.611972 0.385913 0.122535 0.118386
0 0.603991 0.514385 0.147887 0.124008
0 0.461502 0.131118 0.168075 0.129299
0 0.449765 0.251323 0.150235 0.122354
0 0.452347 0.380622 0.160094 0.136243
0 0.452113 0.510913 0.150235 0.130952
0 0.452347 0.635582 0.165728 0.118386
0 0.455164 0.762566 0.130047 0.128307
0 0.286620 0.141865 0.130047 0.140212
0 0.303521 0.260417 0.122535 0.086310
0 0.294131 0.376984 0.145070 0.107804
0 0.296948 0.506448 0.155399 0.122024
0 0.296009 0.611938 0.122535 0.089616
0 0.279108 0.752315 0.165728 0.143519