0 1.683565 0.140602 0.161897 0.094737
0 1.680294 0.266165 0.161897 0.094737
0 1.686836 0.379699 0.161897 0.094737
0 1.670482 0.487970 0.161897 0.094737
0 1.654129 0.621805 0.161897 0.094737
0 1.650041 0.748120 0.156991 0.117293
0 1.654129 0.872180 0.188062 0.114286
0 1.673753 0.985714 0.188062 0.114286
0 1.663941 1.115789 0.188062 0.114286
0 1.647588 1.236842 0.188062 0.114286
0 1.647588 1.377444 0.188062 0.114286
0 1.660670 1.497744 0.188062 0.114286
0 1.654129 1.626316 0.188062 0.114286
0 1.654129 1.745865 0.188062 0.114286
0 1.680294 1.849624 0.188062 0.114286
0 1.510221 0.140602 0.188062 0.114286
0 1.495503 0.257895 0.188062 0.114286
0 1.506950 0.375188 0.188062 0.114286
0 1.520033 0.496241 0.188062 0.114286
0 1.496321 0.619549 0.153720 0.129323
0 1.490597 0.747368 0.188062 0.114286
0 1.482420 0.861654 0.188062 0.114286
0 1.475879 1.118797 0.188062 0.114286
0 1.484056 1.242857 0.188062 0.114286
0 1.488962 1.372180 0.188062 0.114286
0 1.480785 1.499248 0.188062 0.114286
0 1.493868 1.629323 0.188062 0.114286
0 1.500409 1.750376 0.188062 0.114286
0 1.510221 1.851880 0.161897 0.094737
0 1.336877 0.144361 0.188062 0.114286
0 1.325429 0.269173 0.188062 0.114286
0 1.323794 0.380451 0.188062 0.114286
0 1.317253 0.497744 0.188062 0.114286
0 1.327065 0.615038 0.188062 0.114286
0 1.318888 0.731579 0.188062 0.114286
0 1.318888 0.856391 0.161897 0.094737
0 1.317253 1.126316 0.188062 0.114286
0 1.313982 1.245113 0.188062 0.114286
0 1.318888 1.375188 0.188062 0.114286
0 1.313982 1.493233 0.188062 0.114286
0 1.329518 1.630827 0.153720 0.129323
0 1.320523 1.748872 0.161897 0.094737
0 1.333606 1.857895 0.161897 0.094737
0 1.170074 0.134586 0.161897 0.094737
0 1.160262 0.248872 0.161897 0.094737
0 1.156991 0.368421 0.161897 0.094737
0 1.148814 0.493233 0.161897 0.094737
0 1.143908 0.618045 0.188062 0.114286
0 1.135732 0.746617 0.188062 0.114286
0 1.143908 0.866165 0.188062 0.114286
0 1.148814 0.987970 0.188062 0.114286
0 1.143908 1.121805 0.188062 0.114286
0 1.135732 1.242105 0.188062 0.114286
0 1.130826 1.369925 0.188062 0.114286
0 1.161897 1.502256 0.188062 0.114286
0 1.161897 1.615038 0.188062 0.114286
0 1.148814 1.727820 0.188062 0.114286
0 1.153720 1.852632 0.188062 0.114286
0 0.993459 0.137594 0.188062 0.114286
0 0.990188 0.248872 0.188062 0.114286
0 0.998365 0.374436 0.188062 0.114286
0 0.983647 0.485714 0.188062 0.114286
0 0.977105 0.614286 0.161897 0.094737
0 0.964023 0.743609 0.161897 0.094737
0 0.964023 0.849624 0.161897 0.094737
0 0.967294 0.995489 0.188062 0.114286
0 0.986917 1.111278 0.188062 0.114286
0 0.977105 1.234586 0.188062 0.114286
0 0.970564 1.371429 0.161897 0.094737
0 0.982011 1.487970 0.178250 0.094737
0 0.970564 1.621053 0.188062 0.114286
0 0.977105 1.736842 0.188062 0.114286
0 0.970564 1.857895 0.161897 0.094737
0 0.807032 0.146617 0.188062 0.114286
0 0.807032 0.264662 0.188062 0.114286
0 0.810303 0.378947 0.188062 0.114286
0 0.810303 0.500752 0.188062 0.114286
0 0.807032 0.621053 0.188062 0.114286
0 0.787408 0.744361 0.188062 0.114286
0 0.790679 0.858647 0.188062 0.114286
0 0.800491 0.991729 0.188062 0.114286
0 0.816844 1.117293 0.188062 0.114286
0 0.810303 1.236842 0.161897 0.094737
0 0.810303 1.361654 0.161897 0.094737
0 0.807032 1.502256 0.188062 0.129323
0 0.800491 1.624812 0.161897 0.094737
0 0.820114 1.736090 0.161897 0.094737
0 0.813573 1.851880 0.161897 0.094737
0 0.623876 0.142857 0.188062 0.114286
0 0.623876 0.260150 0.188062 0.114286
0 0.614064 0.378195 0.161897 0.094737
0 0.623876 0.490977 0.161897 0.094737
0 0.610793 0.611278 0.161897 0.094737
0 0.602617 0.743609 0.161897 0.094737
0 0.614064 0.865414 0.161897 0.094737
0 0.622240 0.993233 0.161897 0.094737
0 0.640229 1.124812 0.188062 0.132331
0 0.633688 1.243609 0.188062 0.114286
0 0.620605 1.359398 0.188062 0.114286
0 0.620605 1.490226 0.188062 0.114286
0 0.627146 1.611278 0.188062 0.114286
0 0.623876 1.728571 0.188062 0.114286
0 0.627146 1.837594 0.188062 0.114286
0 0.458708 0.131579 0.161897 0.094737
0 0.457073 0.255639 0.188062 0.114286
0 0.447261 0.377444 0.188062 0.114286
0 0.457073 0.490226 0.188062 0.114286
0 0.443990 0.619549 0.188062 0.114286
0 0.452167 0.736090 0.161897 0.094737
0 0.463614 0.867669 0.161897 0.094737
0 0.466885 0.985714 0.188062 0.114286
0 0.463614 1.109774 0.188062 0.114286
0 0.462796 1.241353 0.160262 0.129323
0 0.465249 1.365414 0.188062 0.114286
0 0.453802 1.481203 0.188062 0.114286
0 0.446443 1.616541 0.153720 0.129323
0 0.457073 1.734586 0.161897 0.094737
0 0.460343 1.842857 0.161897 0.094737
0 0.273917 0.132331 0.188062 0.114286
0 0.280458 0.263158 0.188062 0.114286
0 0.275552 0.375940 0.188062 0.114286
0 0.283729 0.485714 0.188062 0.114286
0 0.262469 0.611278 0.188062 0.114286
0 0.273917 0.738346 0.188062 0.114286
0 0.270646 0.853383 0.188062 0.114286
0 0.293540 0.977444 0.188062 0.114286
0 0.282093 1.106767 0.188062 0.114286
0 0.296811 1.230075 0.188062 0.114286
0 0.296811 1.354135 0.188062 0.114286
0 0.283729 1.491729 0.188062 0.114286
0 0.293540 1.608271 0.188062 0.114286
0 0.288635 1.733835 0.188062 0.114286
0 0.286999 1.852632 0.188062 0.114286