0 0.758780 0.203390 0.192204 0.237288
0 0.756272 0.404777 0.148591 0.158706
0 0.749711 0.540832 0.082980 0.078891
0 0.756465 0.665639 0.193748 0.161479
0 0.775376 0.804314 0.128136 0.122650
0 0.773447 0.897227 0.193748 0.089060
0 0.570436 0.158398 0.109610 0.123883
0 0.571015 0.299692 0.126206 0.140216
0 0.590506 0.497535 0.139714 0.133436
0 0.594172 0.609091 0.134697 0.103236
0 0.397337 0.508475 0.151679 0.258243
0 0.410652 0.720493 0.106523 0.123267
0 0.362987 0.866410 0.175608 0.162404
0 0.187572 0.191988 0.138171 0.128197
0 0.212659 0.361633 0.123504 0.113713
0 0.250675 0.511556 0.098418 0.091217
0 0.250482 0.655624 0.138942 0.140216