0 0.803616 0.158587 0.114515 0.121759
0 0.804621 0.293123 0.114515 0.121759
0 0.804621 0.426531 0.114515 0.121759
0 0.812657 0.571965 0.114515 0.121759
0 0.786037 0.700864 0.114515 0.121759
0 0.800603 0.841413 0.114515 0.121759
0 0.687594 0.157460 0.114515 0.121759
0 0.691612 0.296881 0.114515 0.121759
0 0.694626 0.428035 0.114515 0.121759
0 0.695630 0.565201 0.114515 0.121759
0 0.689101 0.709508 0.114515 0.121759
0 0.685585 0.854754 0.114515 0.133408
0 0.568559 0.160090 0.114515 0.121759
0 0.575590 0.287486 0.122551 0.127772
0 0.576595 0.428035 0.114515 0.121759
0 0.566549 0.566328 0.114515 0.121759
0 0.565545 0.709508 0.114515 0.121759
0 0.567554 0.851560 0.114515 0.121759
0 0.456303 0.156708 0.124058 0.121759
0 0.458564 0.288238 0.122551 0.127772
0 0.454545 0.432168 0.114515 0.121759
0 0.451030 0.571965 0.114515 0.121759
0 0.445003 0.708005 0.114515 0.121759
0 0.440482 0.836528 0.114515 0.124765
0 0.335008 0.154453 0.114515 0.121759
0 0.341035 0.297445 0.114515 0.128147
0 0.338523 0.428786 0.114515 0.121759
0 0.335008 0.569335 0.114515 0.121759
0 0.334003 0.688087 0.114515 0.121759
0 0.329483 0.830515 0.114515 0.121759
0 0.203415 0.161593 0.114515 0.131530
0 0.208438 0.295753 0.114515 0.121759
0 0.212958 0.434047 0.114515 0.121759
0 0.219488 0.558812 0.114515 0.121759
0 0.221999 0.675686 0.114515 0.121759
0 0.215972 0.809094 0.122551 0.127772