0 0.486701 0.667039 0.086445 0.045672
0 0.493350 0.721335 0.099744 0.053338
0 0.486189 0.766688 0.101790 0.042478
0 0.488491 0.818429 0.095141 0.064836
0 0.402046 0.702811 0.086957 0.034174
0 0.401535 0.738901 0.076726 0.030981
0 0.395396 0.778825 0.079795 0.049505
0 0.403581 0.829288 0.085934 0.051421
0 0.302046 0.660971 0.112020 0.056531
0 0.300000 0.716385 0.114066 0.043437
0 0.301790 0.762855 0.103325 0.046950
0 0.303581 0.798786 0.103836 0.016608
0 0.310486 0.872884 0.105371 0.056212
0 0.189003 0.658256 0.075192 0.033216
0 0.193862 0.692431 0.077749 0.029384
0 0.187468 0.727244 0.093606 0.026828
0 0.201279 0.758384 0.096675 0.024593
0 0.203325 0.845097 0.110997 0.050463
0 0.208951 0.888055 0.103836 0.048866