0 1.503333 0.121914 0.566667 0.167254
0 1.476667 0.276071 0.540000 0.141058
0 1.470000 0.409068 0.526667 0.132997
0 1.483333 0.677582 0.580000 0.154156
0 1.483333 0.833249 0.640000 0.167254
0 1.461667 1.009572 0.510000 0.183375
0 1.466667 1.217128 0.640000 0.205542
0 1.426667 1.376322 0.466667 0.137028
0 1.388333 1.568766 0.710000 0.223678
0 1.343333 1.824685 0.753333 0.304282
0 0.976667 0.109824 0.566667 0.175315
0 0.958333 0.256927 0.610000 0.163224
0 0.880000 1.295718 0.480000 0.128967
0 0.768333 1.414610 0.710000 0.145088
0 0.723333 1.579849 0.740000 0.167254
0 0.736667 1.781360 0.593333 0.201511
0 0.425000 0.488665 0.623333 0.179345
0 0.463333 0.683123 0.553333 0.141058
0 0.413333 0.843829 0.680000 0.188413
0 0.396667 1.028715 0.540000 0.171285
0 0.383333 1.202519 0.593333 0.184383