0 0.133271 0.830918 0.085741 0.676329
0 0.225536 0.908213 0.100652 0.637681
0 0.315471 0.920290 0.077353 0.545894
0 0.421249 1.028986 0.115564 0.570048
0 0.535415 1.091787 0.105312 0.521739
0 0.642125 1.154589 0.128611 0.512077
0 0.725070 1.130435 0.024231 0.570048
0 0.778192 1.144928 0.080149 0.531401
0 0.869525 1.193237 0.102516 0.512077
0 0.986021 1.115942 0.126747 0.434783
0 1.089935 1.106280 0.092265 0.299517
0 1.156570 1.103865 0.057782 0.468599
0 1.231594 1.014493 0.105312 0.444444
0 1.315471 0.961353 0.049394 0.454106
0 1.401678 0.949275 0.100652 0.545894
0 1.500466 0.896135 0.111836 0.478261
0 1.583877 0.855072 0.049394 0.415459
0 1.644921 0.758454 0.072693 0.425121
0 1.765610 0.671498 0.161230 0.454106
0 1.896552 0.422705 0.095061 0.468599