0 0.399543 0.725591 0.205479 0.069887
0 0.415525 0.774409 0.223744 0.040082
0 0.413242 0.821172 0.178082 0.063720
0 0.428082 0.873587 0.175799 0.039054
0 0.431507 0.922919 0.205479 0.061665
0 0.426941 0.975334 0.205479 0.039054
0 0.439498 1.024666 0.226027 0.055498
0 0.447489 1.151593 0.246575 0.060637
0 0.447489 1.209661 0.173516 0.059609
0 0.449772 1.313977 0.214612 0.050360
0 0.452055 1.430627 0.164384 0.020555
0 0.442922 1.464543 0.191781 0.053443
0 0.438356 1.507708 0.246575 0.030832
0 0.447489 1.558068 0.173516 0.069887
0 0.430365 1.630010 0.235160 0.069887
0 0.416667 1.704008 0.267123 0.082220
0 0.422374 1.791367 0.223744 0.096608