0 0.704156 0.117777 0.124670 0.097253
0 0.700198 0.208557 0.124670 0.069151
0 0.703166 0.299021 0.154354 0.091569
0 0.699208 0.393748 0.126649 0.093464
0 0.700198 0.485317 0.120712 0.080202
0 0.714710 0.573887 0.185356 0.107673
0 0.705145 0.665614 0.150396 0.073887
0 0.716029 0.754815 0.108839 0.106410
0 0.543536 0.123619 0.134565 0.086833
0 0.549472 0.405273 0.126649 0.074834
0 0.540567 0.486896 0.112797 0.070098
0 0.553430 0.571992 0.138522 0.083044
0 0.552441 0.668298 0.136544 0.094411
0 0.562005 0.762709 0.149077 0.094411
0 0.573549 0.865488 0.156332 0.099147
0 0.375989 0.121093 0.167546 0.090622
0 0.365435 0.219451 0.154354 0.103568
0 0.376319 0.311020 0.148417 0.079571
0 0.388193 0.402747 0.156332 0.105778
0 0.385224 0.493053 0.154354 0.076729
0 0.377968 0.580044 0.171504 0.095358
0 0.394789 0.672087 0.181398 0.092517
0 0.395119 0.764762 0.146438 0.092832
0 0.415567 0.867382 0.183377 0.091569
0 0.193602 0.135459 0.205145 0.099147
0 0.204815 0.250079 0.140501 0.091569
0 0.216689 0.344490 0.128628 0.089675
0 0.211412 0.467319 0.177441 0.138933
0 0.208773 0.580202 0.148417 0.076729
0 0.219327 0.673508 0.185356 0.101042
0 0.230211 0.776918 0.191293 0.109567
0 0.243404 0.886801 0.167546 0.101989