0 0.401934 0.435606 0.303867 0.297348
0 0.418508 0.722538 0.317680 0.244318
0 0.448895 0.984848 0.350829 0.240530
0 0.392265 1.224432 0.312155 0.231061
0 0.452348 1.470644 0.346685 0.267045
0 0.854972 0.271780 0.207182 0.142045
0 0.864641 0.519886 0.370166 0.354167
0 0.811464 0.853220 0.302486 0.267045
0 0.854972 1.085227 0.273481 0.231061
0 0.845304 1.371212 0.331492 0.253788
0 0.868785 1.648201 0.350829 0.273674
0 1.217541 0.321970 0.308011 0.333333
0 1.212017 0.589962 0.269337 0.195076
0 1.203039 0.811553 0.251381 0.270833
0 1.195442 1.070076 0.236188 0.257576
0 1.204420 1.269886 0.232044 0.191288
0 1.273481 1.540246 0.303867 0.326705
0 1.546961 0.287879 0.320442 0.284091
0 1.592541 0.632576 0.317680 0.333333
0 1.581492 0.964015 0.303867 0.329545
0 1.609116 1.260890 0.312155 0.303977
0 1.612569 1.589015 0.269337 0.314394