0 0.528367 0.557919 0.123335 0.047715
0 0.533300 0.614832 0.127282 0.060362
0 0.551061 0.783846 0.125308 0.056338
0 0.552047 0.849669 0.147015 0.075309
0 0.340898 0.565392 0.133202 0.064386
0 0.343858 0.627335 0.135175 0.052601
0 0.341885 0.685542 0.129255 0.056913
0 0.341391 0.755102 0.132215 0.075309
0 0.340898 0.816183 0.124322 0.042254
0 0.348791 0.857574 0.124322 0.034780
0 0.346325 0.896666 0.125308 0.042254
0 0.177109 0.547140 0.127282 0.045128
0 0.181549 0.607071 0.134188 0.064386
0 0.169216 0.679218 0.119388 0.067261
0 0.165269 0.751796 0.135175 0.041104