0 0.735031 0.309270 0.081260 0.149901
0 0.748056 0.476923 0.083204 0.110454
0 0.744168 0.598028 0.064541 0.115976
0 0.743196 0.702761 0.089036 0.075345
0 0.591563 0.246943 0.076594 0.128600
0 0.589813 0.365089 0.064541 0.067456
0 0.584953 0.497041 0.081260 0.128600
0 0.577955 0.655819 0.066485 0.083235
0 0.558320 0.744773 0.085537 0.081262
0 0.581649 0.846746 0.103421 0.135306
0 0.391524 0.277120 0.118974 0.209467
0 0.410381 0.473964 0.110031 0.138462
0 0.421073 0.621499 0.064541 0.095858
0 0.420490 0.738264 0.081260 0.121893
0 0.444790 0.856016 0.076983 0.091519
0 0.257970 0.385404 0.089036 0.112821
0 0.265358 0.540434 0.102255 0.136489
0 0.284215 0.743393 0.137636 0.170020