0 1.585644 0.222805 0.267537 0.205153
0 1.587276 0.447042 0.257749 0.205153
0 1.587276 0.671279 0.257749 0.205153
0 1.587276 0.895515 0.257749 0.205153
0 1.597064 1.119752 0.257749 0.205153
0 1.597064 1.343989 0.257749 0.205153
0 1.577488 1.597805 0.257749 0.224237
0 1.588091 1.780534 0.230016 0.148855
0 1.267537 0.182729 0.163132 0.125000
0 1.293638 0.453721 0.257749 0.205153
0 1.285481 0.671279 0.225122 0.147901
0 1.303426 0.912691 0.257749 0.205153
0 1.296900 1.144561 0.257749 0.239504
0 1.305057 1.343989 0.257749 0.155534
0 1.311582 1.572042 0.257749 0.166985
0 1.301794 1.786737 0.257749 0.205153
0 1.014682 0.249523 0.257749 0.208969
0 0.993475 0.465172 0.277325 0.216603
0 1.022838 0.689408 0.257749 0.205153
0 1.050571 0.921279 0.257749 0.205153
0 1.009788 1.148378 0.277325 0.216603
0 1.042414 1.379294 0.257749 0.205153
0 1.061990 1.581584 0.257749 0.205153
0 1.039152 1.802958 0.257749 0.205153
0 0.725938 0.228531 0.231648 0.189885
0 0.737357 0.444179 0.231648 0.189885
0 0.752039 0.675095 0.231648 0.189885
0 0.758564 0.923187 0.257749 0.228053
0 0.752039 1.140744 0.218597 0.205153
0 0.781403 1.350668 0.199021 0.170802
0 0.784666 1.576813 0.218597 0.182252
0 0.774878 1.785782 0.277325 0.186069
0 0.437194 0.217080 0.257749 0.205153
0 0.443719 0.438454 0.225122 0.186069
0 0.458401 0.683683 0.225122 0.186069
0 0.484502 0.949905 0.257749 0.216603
0 0.469821 1.161737 0.231648 0.212786
0 0.487765 1.371660 0.231648 0.189885
0 0.487765 1.578721 0.231648 0.189885
0 0.487765 1.789599 0.277325 0.182252