0 0.751641 0.413729 0.137856 0.174397
0 0.734683 0.614100 0.145514 0.164502
0 0.750000 0.829932 0.171772 0.244898
0 0.758753 1.084725 0.147702 0.264688
0 0.796499 1.411255 0.181619 0.368584
0 0.574398 0.431045 0.107221 0.226345
0 0.576586 0.629561 0.120350 0.180581
0 0.582057 0.849722 0.118162 0.232529
0 0.592998 1.123067 0.126915 0.232529
0 0.598468 1.388992 0.164114 0.264688
0 0.415755 0.473098 0.157549 0.204082
0 0.413567 0.721088 0.175055 0.289425
0 0.415755 1.047001 0.185996 0.362400
0 0.441466 1.424861 0.154267 0.346320