0 0.704245 0.202774 0.104888 0.140026
0 0.700143 0.341314 0.089547 0.114597
0 0.691224 0.466975 0.106671 0.114927
0 0.682661 0.637219 0.120228 0.129128
0 0.666072 0.766347 0.129861 0.129128
0 0.555476 0.189399 0.102747 0.138375
0 0.548876 0.326783 0.120228 0.129128
0 0.547628 0.469452 0.122012 0.156209
0 0.550838 0.621202 0.108455 0.114927
0 0.548341 0.725396 0.091331 0.093461
0 0.547806 0.825958 0.098823 0.114927
0 0.417767 0.194683 0.094898 0.163474
0 0.424010 0.343791 0.114520 0.120211
0 0.414734 0.473745 0.112380 0.129128
0 0.394756 0.648943 0.168748 0.170410
0 0.388869 0.800859 0.118445 0.114927