0 0.739635 0.165504 0.162521 0.082752
0 0.738806 0.269642 0.150912 0.101348
0 0.732172 0.378894 0.167496 0.101348
0 0.734660 0.495351 0.152570 0.133426
0 0.742952 0.617387 0.152570 0.090191
0 0.754561 0.705021 0.152570 0.060902
0 0.762852 0.787773 0.162521 0.078568
0 0.604063 0.185263 0.131841 0.113901
0 0.600746 0.296606 0.128524 0.084612
0 0.594113 0.385635 0.121891 0.078568
0 0.599917 0.467922 0.110282 0.066481
0 0.608209 0.546955 0.126866 0.072989
0 0.614842 0.657136 0.126866 0.114830
0 0.624793 0.777545 0.143449 0.112971
0 0.473051 0.151093 0.133499 0.052069
0 0.478027 0.224547 0.136816 0.082752
0 0.485489 0.297071 0.128524 0.051139
0 0.482172 0.354254 0.118574 0.063226
0 0.478027 0.411901 0.120232 0.043701
0 0.479685 0.482566 0.140133 0.099489
0 0.486318 0.581822 0.133499 0.091585
0 0.487148 0.682938 0.145108 0.092980
0 0.490464 0.789168 0.131841 0.079498
0 0.345357 0.179684 0.135158 0.078568
0 0.349088 0.288238 0.152570 0.102278
0 0.348259 0.417015 0.150912 0.139470
0 0.340796 0.535332 0.154229 0.074849
0 0.344113 0.629475 0.170813 0.092050
0 0.338308 0.698047 0.149254 0.026499