0 0.572899 0.633183 0.042310 0.032731
0 0.526015 0.634312 0.050314 0.032731
0 0.465409 0.636005 0.065180 0.032731
0 0.404803 0.637415 0.052601 0.035553
0 0.375929 0.596219 0.036021 0.054740
0 0.377930 0.541196 0.033162 0.051919
0 0.377073 0.484481 0.031447 0.049097
0 0.374214 0.427201 0.036021 0.058691
0 0.401944 0.391366 0.046884 0.033296
0 0.462550 0.388826 0.062893 0.032731
0 0.525157 0.388544 0.065752 0.029910
0 0.586907 0.388262 0.049743 0.030474
0 0.622927 0.423251 0.033734 0.063205
0 0.623785 0.483352 0.032018 0.046840
0 0.624929 0.547686 0.032018 0.068284