0 0.629360 0.853430 0.031977 0.031185
0 0.640988 0.911642 0.043605 0.039501
0 0.645349 0.985447 0.040698 0.049896
0 0.656977 1.066528 0.055233 0.056133
0 0.665698 1.132017 0.058140 0.043659
0 0.669331 1.194906 0.050872 0.069647
0 0.664244 1.269231 0.049419 0.047817
0 0.664244 1.333680 0.049419 0.049896
0 0.654070 1.384615 0.058140 0.045738
0 0.656977 1.432432 0.058140 0.049896
0 0.565407 0.860187 0.049419 0.044699
0 0.571221 0.916840 0.061047 0.043659
0 0.575581 0.983368 0.061047 0.066528
0 0.588663 1.057173 0.066860 0.060291
0 0.582849 1.116424 0.084302 0.047817
0 0.591570 1.175676 0.078488 0.047817
0 0.596657 1.234927 0.074128 0.051975
0 0.600291 1.301455 0.055233 0.049896
0 0.595930 1.357069 0.063953 0.053015