0 0.283508 0.879469 0.035825 0.029488
0 0.282891 0.920752 0.037060 0.025065
0 0.280420 0.957612 0.042001 0.030962
0 0.277949 0.990048 0.042001 0.030962
0 0.277949 1.020273 0.042001 0.030962
0 0.273008 1.050498 0.042001 0.030962
0 0.275479 1.076668 0.037060 0.019904
0 0.269302 1.099889 0.039531 0.020641
0 0.269920 1.129377 0.043237 0.028013
0 0.228536 0.881681 0.037060 0.026539
0 0.228536 0.912643 0.042001 0.029488
0 0.234095 0.939919 0.045707 0.025065
0 0.226065 0.965721 0.042001 0.030962
0 0.223595 0.995945 0.042001 0.030962
0 0.221124 1.027645 0.049413 0.026539
0 0.221124 1.053446 0.042001 0.028013
0 0.216183 1.079248 0.042001 0.023590
0 0.216183 1.105050 0.046943 0.025065
0 0.212477 1.131589 0.044472 0.029488