0 1.594906 1.437224 0.126541 0.209464
0 1.469597 1.416404 0.114215 0.099685
0 1.483977 1.550789 0.111750 0.164038
0 1.494659 1.650473 0.133114 0.030284
0 1.487264 1.715457 0.085456 0.074448
0 1.484799 1.806309 0.095316 0.104732
0 1.316352 1.381073 0.092030 0.177918
0 1.346754 1.564669 0.119967 0.186751
0 1.070666 1.365300 0.054232 0.126183
0 1.066146 1.504101 0.081348 0.100946
0 1.058340 1.634069 0.078882 0.108517
0 1.059984 1.728707 0.087099 0.070662
0 1.049302 1.822082 0.083813 0.108517
0 0.209942 1.512934 0.081348 0.174132
0 0.204191 1.709779 0.130649 0.211987