0 0.616279 0.154198 0.072093 0.084523
0 0.616570 0.250428 0.065698 0.102227
0 0.630233 0.328384 0.084884 0.059395
0 0.622674 0.402056 0.110465 0.083381
0 0.612791 0.503427 0.109302 0.114792
0 0.638953 0.595945 0.100000 0.079383
0 0.665407 0.851799 0.070349 0.054255
0 0.514826 0.511993 0.092442 0.080525
0 0.514826 0.585380 0.094767 0.075385
0 0.519767 0.668190 0.097674 0.095945
0 0.528488 0.761565 0.088372 0.093090
0 0.524419 0.841805 0.075581 0.058252
0 0.341860 0.270702 0.137209 0.119931
0 0.345640 0.396916 0.090116 0.108509