0 0.449140 0.367003 0.044877 0.041246
0 0.483171 0.370370 0.044877 0.041246
0 0.534031 0.372054 0.044877 0.041246
0 0.583396 0.368687 0.044877 0.041246
0 0.609200 0.409933 0.030666 0.057239
0 0.609200 0.467172 0.030666 0.057239
0 0.609200 0.524411 0.030666 0.057239
0 0.609200 0.582071 0.030666 0.057239
0 0.582648 0.627946 0.051608 0.037879
0 0.533657 0.626263 0.051608 0.037879
0 0.482049 0.626263 0.051608 0.037879
0 0.430441 0.626263 0.051608 0.037879
0 0.393792 0.584386 0.033657 0.075337
0 0.393792 0.519150 0.033657 0.055135
0 0.393792 0.442971 0.033657 0.093855