0 0.628938 0.432480 0.040293 0.046198
0 0.628571 0.476901 0.041026 0.049751
0 0.629670 0.545842 0.034432 0.054016
0 0.631136 0.616560 0.035897 0.051883
0 0.590476 0.647122 0.049817 0.036247
0 0.531868 0.647122 0.049817 0.034826
0 0.461538 0.648188 0.043956 0.038380
0 0.398901 0.649609 0.052015 0.034115
0 0.352381 0.622246 0.036630 0.049041
0 0.353114 0.554016 0.035165 0.054726
0 0.351648 0.481876 0.036630 0.051173
0 0.354212 0.419687 0.034432 0.053305
0 0.460806 0.366382 0.045421 0.036247
0 0.542125 0.367804 0.089377 0.036247