0 0.823944 0.228850 0.164319 0.264642
0 0.813674 0.433297 0.169601 0.165944
0 0.825704 0.676247 0.211268 0.315618
0 0.628815 0.526573 0.169601 0.204989
0 0.629108 0.766811 0.210094 0.275488
0 0.469190 0.222343 0.135563 0.236443
0 0.478286 0.472343 0.153756 0.259219
0 0.459800 0.691974 0.134390 0.110629
0 0.454812 0.833514 0.139671 0.183297
0 0.325411 0.197939 0.144953 0.289588
0 0.314261 0.450651 0.159038 0.265727
0 0.307218 0.755423 0.183685 0.315618
0 0.148768 0.137202 0.195423 0.202820
0 0.139965 0.367679 0.170775 0.286334
0 0.120305 0.623102 0.174883 0.263557