0 1.518962 0.290258 0.363273 0.262425
0 1.450100 0.488072 0.225549 0.145129
0 1.467066 0.658052 0.267465 0.163022
0 1.497006 0.836978 0.439122 0.196819
0 1.461078 1.046720 0.223553 0.188867
0 1.485030 1.206262 0.231537 0.098410
0 1.518962 1.417495 0.275449 0.198807
0 1.483034 1.621272 0.283433 0.208748
0 1.115768 0.245527 0.335329 0.220676
0 1.137725 0.469185 0.355289 0.222664
0 1.115768 0.694831 0.307385 0.238569
0 1.102794 0.899602 0.237525 0.157058
0 1.147705 1.250497 0.307385 0.174950
0 1.172655 1.472167 0.333333 0.276342
0 1.153693 1.681909 0.223553 0.135189
0 0.770459 0.267893 0.375250 0.275348
0 0.767465 0.494036 0.321357 0.188867
0 0.804391 0.640159 0.283433 0.155070
0 0.786427 0.808151 0.347305 0.174950
0 0.820359 0.989066 0.299401 0.172962
0 0.786427 1.180915 0.319361 0.198807
0 0.812375 1.344930 0.259481 0.137177
0 0.812375 1.495527 0.355289 0.166004
0 0.822355 1.662028 0.327345 0.174950
0 0.395210 0.242545 0.319361 0.151093
0 0.427146 0.406561 0.219561 0.155070
0 0.441118 0.609344 0.267465 0.236581
0 0.413174 0.782803 0.403194 0.126243
0 0.413174 0.937376 0.307385 0.200795
0 0.407186 1.117296 0.263473 0.147117
0 0.422156 1.258449 0.237525 0.147117
0 0.470060 1.449304 0.333333 0.202783
0 0.465070 1.651093 0.203593 0.161034