0 0.649558 0.183516 0.071380 0.121612
0 0.647859 0.327656 0.087016 0.135897
0 0.650238 0.469780 0.075459 0.123443
0 0.652957 0.606044 0.074099 0.119780
0 0.654317 0.736630 0.064582 0.112821
0 0.542828 0.183150 0.082257 0.126740
0 0.544188 0.330586 0.082257 0.126374
0 0.550306 0.472894 0.084976 0.120879
0 0.555404 0.606410 0.063902 0.113919
0 0.560843 0.737546 0.082937 0.110989
0 0.447315 0.185165 0.078858 0.126374
0 0.446975 0.331136 0.082257 0.121612
0 0.450374 0.471978 0.075459 0.117582
0 0.462950 0.606044 0.077498 0.110989
0 0.467029 0.734066 0.085656 0.106227
0 0.350102 0.189011 0.087016 0.136264
0 0.356560 0.328022 0.075459 0.124176
0 0.357920 0.471795 0.078178 0.113553
0 0.370836 0.606777 0.064582 0.113187