0 1.840972 1.287356 0.073611 0.067197
0 1.861111 1.461538 0.105556 0.132626
0 1.885417 1.799735 0.123611 0.124668
0 1.495833 1.289125 0.086111 0.093722
0 1.508333 1.435897 0.066667 0.153846
0 1.525000 1.576481 0.063889 0.054819
0 1.530556 1.685676 0.100000 0.091070
0 1.125000 0.234748 0.116667 0.112290
0 1.133333 0.402299 0.088889 0.093722
0 1.141667 0.576481 0.094444 0.091954
0 1.159722 0.740053 0.075000 0.111406
0 1.006944 0.231653 0.080556 0.109637
0 0.986111 0.434129 0.127778 0.167993
0 0.997222 0.601238 0.111111 0.153846
0 0.996528 0.755968 0.073611 0.122016
0 0.890278 0.223696 0.113889 0.118479
0 0.874306 0.408488 0.076389 0.081344
0 0.851389 0.580018 0.080556 0.111406
0 0.848611 0.765694 0.125000 0.120248
0 0.465278 1.331565 0.116667 0.084881
0 0.447222 1.461981 0.072222 0.106985
0 0.429167 1.576481 0.108333 0.109637
0 0.440278 1.719717 0.125000 0.114943
0 0.287500 1.308576 0.136111 0.116711
0 0.282639 1.477011 0.081944 0.098143
0 0.279167 1.612732 0.119444 0.084881
0 0.259722 1.761273 0.097222 0.134394
0 0.119444 1.320071 0.122222 0.123784
0 0.125000 1.450486 0.086111 0.087533
0 0.109722 1.642794 0.097222 0.123784
0 0.102778 1.822281 0.105556 0.097259