0 1.113343 0.902381 0.137733 0.140000
0 1.110473 1.022381 0.114778 0.092381
0 1.113343 1.153333 0.149211 0.171429
0 1.107604 1.294286 0.143472 0.108571
0 1.110473 1.405238 0.126255 0.109524
0 1.106887 1.528571 0.096126 0.137143
0 1.111908 1.656190 0.123386 0.116190
0 0.967719 1.173333 0.142037 0.133333
0 0.968436 1.286667 0.088953 0.089524
0 0.967719 1.403810 0.116212 0.110476
0 0.976327 1.513333 0.110473 0.106667
0 0.979197 1.656190 0.144907 0.175238
0 0.840746 0.904286 0.103300 0.120952
0 0.832855 1.039048 0.164993 0.144762
0 0.824964 1.171429 0.100430 0.110476
0 0.829268 1.273810 0.137733 0.094286
0 0.837877 1.395238 0.143472 0.154286
0 0.842181 1.538095 0.120516 0.127619
0 0.831420 1.660952 0.124821 0.118095
0 0.701578 0.918095 0.140603 0.133333
0 0.687231 1.054762 0.117647 0.105714
0 0.695839 1.166667 0.117647 0.102857
0 0.688666 1.276190 0.106169 0.121905
0 0.698709 1.400000 0.129125 0.087619
0 0.701578 1.528571 0.106169 0.150476
0 0.704448 1.675714 0.103300 0.138095
0 0.573888 0.918095 0.097561 0.129524
0 0.563845 1.045714 0.152080 0.129524
0 0.560976 1.168095 0.091822 0.088571
0 0.569584 1.277619 0.111908 0.120952
0 0.560976 1.401905 0.088953 0.114286
0 0.576758 1.522381 0.103300 0.126667
0 0.571019 1.668571 0.129125 0.144762
0 0.433286 0.926667 0.111908 0.137143
0 0.434720 1.048571 0.106169 0.102857
0 0.441894 1.278095 0.094692 0.127619
0 0.436155 1.412381 0.134864 0.152381
0 0.313486 1.038095 0.084648 0.089524
0 0.322812 1.130476 0.117647 0.080000