0 0.630592 0.416486 0.037518 0.059783
0 0.630592 0.472283 0.036075 0.052536
0 0.629870 0.536232 0.036075 0.058696
0 0.630231 0.608152 0.033189 0.057609
0 0.590368 0.638225 0.055916 0.035145
0 0.528499 0.635507 0.051227 0.036957
0 0.468434 0.633333 0.045815 0.037681
0 0.403319 0.632790 0.051948 0.035145
0 0.358947 0.599094 0.039683 0.057609
0 0.361291 0.533514 0.042208 0.060507
0 0.360029 0.463043 0.035354 0.065942
0 0.364177 0.391848 0.041486 0.060507
0 0.407287 0.342391 0.061328 0.036232
0 0.472403 0.343116 0.053752 0.035507
0 0.551587 0.345652 0.086580 0.036957