0 0.691751 0.159931 0.139796 0.118659
0 0.729245 0.240613 0.120514 0.044999
0 0.737815 0.306248 0.146224 0.093150
0 0.774237 0.411436 0.167649 0.108054
0 0.762453 0.529521 0.135512 0.127544
0 0.731923 0.680424 0.195501 0.146174
0 0.730048 0.846518 0.220675 0.121811
0 0.493037 0.173975 0.249063 0.150760
0 0.483664 0.292491 0.181039 0.110347
0 0.514462 0.409860 0.220139 0.156492
0 0.523299 0.559759 0.260311 0.171969
0 0.521693 0.697334 0.234601 0.123818
0 0.530798 0.834910 0.202464 0.149040
0 0.264596 0.161651 0.223889 0.114073
0 0.235940 0.288478 0.166577 0.121811
0 0.248527 0.433792 0.191751 0.139008
0 0.239689 0.563629 0.209427 0.144741
0 0.210766 0.682001 0.245849 0.119518
0 0.241296 0.844368 0.155865 0.102608