0 1.470170 0.437109 0.187500 0.162613
0 1.532670 0.637943 0.210227 0.147325
0 1.534091 0.876998 0.244318 0.161223
0 1.610795 1.108061 0.210227 0.174427
0 1.661932 1.340514 0.181818 0.068103
0 1.707386 1.578874 0.250000 0.173732
0 1.078125 0.221682 0.241477 0.137596
0 1.116477 0.432245 0.215909 0.159833
0 1.282670 1.116053 0.264205 0.144545
0 1.355114 1.317582 0.255682 0.147325
0 1.384943 1.550382 0.252841 0.187630
0 0.764205 0.218207 0.181818 0.127867
0 0.815341 0.414871 0.261364 0.157054
0 0.879261 0.647672 0.315341 0.152884
0 1.028409 1.121612 0.230114 0.169562
0 1.080966 1.591383 0.230114 0.205698
0 0.453125 0.230021 0.224432 0.190410
0 0.649148 0.879778 0.213068 0.183461
0 0.838068 1.610493 0.250000 0.253648
0 0.427557 1.147325 0.281250 0.201529
0 0.485795 1.369006 0.289773 0.211258
0 0.521307 1.569145 0.272727 0.152884