0 0.547550 0.092424 0.345821 0.045455
0 0.536023 0.133333 0.322767 0.048485
0 0.507205 0.175000 0.357349 0.043939
0 0.518732 0.220833 0.345821 0.053788
0 0.538905 0.274242 0.340058 0.056061
0 0.544669 0.312879 0.351585 0.050000
0 0.567723 0.365152 0.380403 0.066667
0 0.559078 0.409848 0.334294 0.034848
0 0.551873 0.451515 0.308357 0.066667
0 0.557637 0.506818 0.348703 0.056061
0 0.556196 0.548485 0.311239 0.039394
0 0.550432 0.598485 0.340058 0.051515
0 0.585014 0.646212 0.374640 0.056061
0 0.593660 0.694318 0.386167 0.053788
0 0.625360 0.750758 0.363112 0.072727
0 0.615274 0.809848 0.285303 0.068182
0 0.616715 0.869697 0.311239 0.072727
0 0.623919 0.928030 0.348703 0.068182
0 0.625360 0.985985 0.374640 0.056818
0 0.622478 1.038636 0.317003 0.056061
0 0.634006 1.085606 0.311239 0.045455
0 0.648415 1.782576 0.340058 0.071212
0 0.597983 1.859848 0.469741 0.083333