0 0.960000 0.733054 0.149091 0.185884
0 0.981818 0.916841 0.120000 0.114605
0 0.963636 1.139762 0.165455 0.188679
0 0.953636 1.352900 0.129091 0.176101
0 0.918636 1.544375 0.124545 0.170510
0 0.700909 0.736548 0.185455 0.216632
0 0.683636 0.950734 0.185455 0.194969
0 0.680000 1.106918 0.080000 0.129979
0 0.673636 1.292802 0.172727 0.173305
0 0.681818 1.535290 0.165455 0.262753
0 0.431818 0.707897 0.172727 0.185884
0 0.430909 0.918938 0.145455 0.132774
0 0.416364 1.111810 0.156364 0.188679
0 0.399091 1.337526 0.172727 0.176101
0 0.404091 1.538085 0.124545 0.132774