0 1.657297 0.967853 0.071351 0.042863
0 1.655135 1.002143 0.045405 0.029147
0 1.661622 1.024432 0.058378 0.015431
0 1.661622 1.053150 0.049730 0.030004
0 1.672432 1.081012 0.058378 0.025718
0 1.675135 1.106301 0.068108 0.031719
0 1.674054 1.143163 0.072432 0.043721
0 1.677838 1.175311 0.060541 0.036005
0 1.691892 1.215602 0.075676 0.044578
0 1.698378 1.283326 0.073514 0.036005
0 1.698378 1.312473 0.062703 0.025718
0 1.706486 1.346764 0.061622 0.036005
0 1.711351 1.382340 0.051892 0.031719
0 1.714595 1.416202 0.069189 0.034291
0 1.724324 1.451779 0.071351 0.038577
0 1.724865 1.489070 0.059459 0.029147
0 1.728649 1.519931 0.067027 0.036005
0 1.734054 1.553365 0.062703 0.034291
0 1.733514 1.588084 0.076757 0.038577
0 1.735135 1.627947 0.062703 0.039434
0 1.735135 1.661809 0.058378 0.031719
0 1.736216 1.697385 0.060541 0.030862
0 1.738919 1.739391 0.063784 0.053150
0 1.740541 1.795542 0.069189 0.055722
0 1.198378 0.904415 0.083243 0.073725
0 1.125946 0.904844 0.068108 0.060866
0 1.054054 0.905272 0.084324 0.061723
0 0.972973 0.910416 0.086486 0.061723
0 0.890811 0.906987 0.069189 0.056580
0 0.812973 0.908273 0.084324 0.071153
0 0.726486 0.898843 0.082162 0.062580
0 0.649189 0.891127 0.076757 0.071153