0 1.152975 0.103647 0.243626 0.075240
0 1.118980 0.189251 0.243626 0.092898
0 1.145892 0.273704 0.195467 0.079079
0 1.135977 0.359309 0.232295 0.076775
0 1.135977 0.453743 0.294618 0.101344
0 1.145892 0.561996 0.229462 0.070633
0 1.140227 0.663340 0.218130 0.079846
0 1.127479 0.772361 0.237960 0.084453
0 1.145892 0.862188 0.218130 0.081382
0 1.118980 0.967370 0.215297 0.073704
0 1.126062 1.056430 0.235127 0.082917
0 1.128895 1.157774 0.195467 0.069098
0 1.141643 1.236852 0.198300 0.075240
0 1.141643 1.338196 0.209632 0.084453
0 1.135977 1.434933 0.249292 0.084453
0 1.152975 1.532438 0.243626 0.079846
0 1.096317 1.636852 0.277620 0.095202
0 1.169972 1.747409 0.226629 0.075240
0 0.745042 0.111708 0.209632 0.077543
0 0.736544 0.205758 0.203966 0.081382
0 0.713881 0.283685 0.226629 0.063724
0 0.712465 0.367754 0.212465 0.069098
0 0.726629 0.460653 0.212465 0.081382
0 0.713881 0.572745 0.232295 0.079846
0 0.716714 0.666411 0.266289 0.085988
0 0.705382 0.767754 0.232295 0.092131
0 0.716714 0.869866 0.209632 0.081382
0 0.708215 0.950480 0.237960 0.095202
0 0.711048 1.064107 0.243626 0.089060
0 0.729462 1.165451 0.235127 0.095202
0 0.732295 1.262188 0.252125 0.082917
0 0.730878 1.347409 0.237960 0.078311
0 0.754958 1.444914 0.229462 0.085988
0 0.739377 1.550096 0.237960 0.066027
0 0.719547 1.638388 0.192635 0.079846
0 0.718130 1.753167 0.235127 0.088292