0 0.675281 0.174805 0.174157 0.111563
0 0.669944 0.273313 0.119663 0.086131
0 0.675843 0.627840 0.126966 0.112241
0 0.683989 0.727365 0.101685 0.086809
0 0.689607 0.858596 0.134270 0.155307
0 0.492416 0.391658 0.117416 0.106477
0 0.512360 0.509495 0.125843 0.131909
0 0.513764 0.660054 0.166854 0.178026
0 0.470506 0.832994 0.165730 0.152255
0 0.336236 0.200746 0.136517 0.145134
0 0.356461 0.329095 0.135393 0.121736
0 0.351404 0.438115 0.123034 0.094947
0 0.339888 0.525771 0.158427 0.074262
0 0.326124 0.617328 0.139888 0.111563
0 0.335674 0.740590 0.154494 0.127501