0 1.784425 1.146187 0.144404 0.223409
0 1.759670 1.404565 0.132027 0.225352
0 1.773079 1.700826 0.125838 0.157358
0 1.657555 1.148130 0.113461 0.233123
0 1.650851 1.392909 0.108303 0.205925
0 1.671996 1.581836 0.125838 0.191355
0 1.023724 0.306945 0.118618 0.235066
0 1.021661 0.562895 0.087674 0.208839
0 1.018051 0.799417 0.113461 0.203983
0 0.887055 0.290432 0.123775 0.211753
0 0.878288 0.551238 0.106240 0.199126
0 0.882929 0.794560 0.105209 0.194269
0 0.276431 1.119961 0.103146 0.184556
0 0.292935 1.612919 0.094894 0.179699
0 0.158845 1.171442 0.111398 0.235066
0 0.181021 1.396309 0.118618 0.179699
0 0.182568 1.613405 0.101083 0.235066