0 0.510101 0.712983 0.069091 0.047913
0 0.515758 0.802628 0.059394 0.046677
0 0.512929 0.841577 0.054545 0.036785
0 0.429293 0.657187 0.059394 0.035240
0 0.427273 0.701236 0.061818 0.057805
0 0.428687 0.735394 0.064646 0.015456
0 0.435152 0.756414 0.063838 0.033385
0 0.436162 0.803864 0.082020 0.052241
0 0.434949 0.847141 0.061818 0.039258
0 0.354343 0.697991 0.066263 0.039567
0 0.362020 0.732612 0.066263 0.035240
0 0.357172 0.763524 0.056566 0.035240
0 0.361010 0.836321 0.073131 0.035549
0 0.358788 0.873261 0.066263 0.041422
0 0.290303 0.728594 0.070707 0.043277
0 0.288081 0.776043 0.078384 0.044822
0 0.288283 0.819320 0.072323 0.046677
0 0.292727 0.865688 0.063434 0.038640
0 0.214949 0.712674 0.075960 0.047295
0 0.221616 0.752241 0.061010 0.048532
0 0.219798 0.798454 0.058990 0.056260
0 0.217374 0.846213 0.075152 0.039258