0 0.894164 0.151953 0.079268 0.148438
0 0.898084 0.286328 0.059814 0.105469
0 0.892567 0.421094 0.077816 0.125000
0 0.889373 0.558008 0.090012 0.130859
0 0.903020 0.697070 0.087108 0.130078
0 0.919715 0.851562 0.100174 0.162500
0 0.799652 0.147070 0.074913 0.135547
0 0.791521 0.297070 0.070267 0.144922
0 0.794280 0.426172 0.058362 0.103906
0 0.800813 0.550586 0.077236 0.131641
0 0.801829 0.702344 0.073461 0.157812
0 0.805604 0.847070 0.067654 0.118359
0 0.692654 0.177148 0.091463 0.136328
0 0.685250 0.324219 0.080720 0.148438
0 0.694541 0.448633 0.072009 0.098828
0 0.698606 0.565430 0.074332 0.123047
0 0.706736 0.705664 0.060395 0.135547
0 0.709640 0.842187 0.063298 0.124219
0 0.600465 0.154492 0.068525 0.119141
0 0.594367 0.298828 0.056330 0.121094
0 0.599448 0.420312 0.057782 0.093750
0 0.604530 0.570508 0.083624 0.163672
0 0.615128 0.716406 0.075784 0.123438
0 0.613676 0.875391 0.100755 0.180469
0 0.500436 0.159180 0.091463 0.126172
0 0.499274 0.306641 0.085075 0.105469
0 0.505807 0.439063 0.080720 0.116406
0 0.513502 0.565039 0.069977 0.106641
0 0.510743 0.724805 0.080720 0.139453
0 0.516115 0.863086 0.082753 0.126953
0 0.400261 0.179297 0.082753 0.145313
0 0.404472 0.343945 0.092915 0.166797
0 0.412311 0.491211 0.090592 0.126172
0 0.412747 0.615430 0.067654 0.131641
0 0.426394 0.758984 0.078688 0.153125
0 0.432056 0.898438 0.081301 0.115625
0 0.304443 0.157031 0.100174 0.153125
0 0.306185 0.314648 0.082172 0.123047
0 0.312282 0.460742 0.085656 0.126953
0 0.317218 0.591602 0.093786 0.123047
0 0.319251 0.710156 0.071719 0.100000
0 0.316492 0.853516 0.092334 0.140625
0 0.207462 0.157422 0.073461 0.113281
0 0.203542 0.299609 0.071429 0.120313
0 0.212544 0.443750 0.090592 0.149219
0 0.220674 0.598047 0.078397 0.141406
0 0.222125 0.718750 0.084204 0.072656
0 0.213415 0.852539 0.078397 0.169922
0 0.110918 0.156836 0.077816 0.139453
0 0.109611 0.357617 0.082172 0.147266
0 0.117160 0.536133 0.097271 0.166797
0 0.119483 0.705664 0.076365 0.126172
0 0.116580 0.853516 0.073461 0.121094