0 0.756944 0.176513 0.192050 0.108735
0 0.767720 0.313519 0.165709 0.142080
0 0.782328 0.465748 0.121169 0.137731
0 0.575431 0.168358 0.139368 0.115622
0 0.580220 0.306995 0.161398 0.125408
0 0.595067 0.470098 0.170019 0.161653
0 0.405651 0.185574 0.165709 0.189924
0 0.398946 0.362994 0.148467 0.145343
0 0.382423 0.537151 0.139368 0.194998
0 0.211686 0.169083 0.196360 0.199710
0 0.228927 0.311707 0.157088 0.089163
0 0.210728 0.442370 0.172414 0.164915
0 0.223420 0.625408 0.193966 0.162015
0 0.228927 0.772019 0.148467 0.108735