0 0.596692 0.073514 0.175573 0.131892
0 0.589059 0.233514 0.170483 0.122162
0 0.606870 0.398919 0.155216 0.134054
0 0.608142 0.577297 0.198473 0.134054
0 0.610687 0.775946 0.180662 0.152973
0 0.600509 0.907297 0.183206 0.115135
0 0.437023 0.066486 0.125954 0.096216
0 0.452290 0.234595 0.148855 0.113514
0 0.450382 0.409459 0.152672 0.119459
0 0.437659 0.582162 0.178117 0.121081
0 0.441476 0.743784 0.170483 0.128649
0 0.452926 0.906486 0.190840 0.153514
0 0.286260 0.078108 0.165394 0.129189
0 0.278626 0.227568 0.180662 0.110270
0 0.275445 0.397027 0.187023 0.104324
0 0.272901 0.569730 0.169211 0.124324
0 0.278626 0.724324 0.173028 0.117838
0 0.292621 0.865405 0.155216 0.074595
0 0.302799 0.947297 0.132316 0.080541