0 0.917021 0.790089 0.148936 0.081386
0 0.904255 0.875907 0.148936 0.059629
0 0.919149 0.974214 0.195745 0.101531
0 0.954255 1.088235 0.197872 0.082998
0 0.938298 1.185334 0.174468 0.088638
0 0.937234 1.286865 0.155319 0.088638
0 0.931915 1.373086 0.157447 0.061241
0 0.934043 1.458904 0.148936 0.068493
0 0.940426 1.545125 0.161702 0.092667
0 0.944681 1.634972 0.161702 0.082192
0 0.592553 0.804593 0.176596 0.084609
0 0.591489 0.893634 0.187234 0.083803
0 0.587234 0.981064 0.136170 0.074940
0 0.581915 1.074940 0.151064 0.085415
0 0.574468 1.203062 0.178723 0.106366
0 0.580851 1.301370 0.157447 0.085415
0 0.542553 1.382756 0.136170 0.077357
0 0.569149 1.482675 0.176596 0.093473
0 0.577660 1.576954 0.176596 0.091861