0 1.504274 0.242647 0.457265 0.214286
0 1.542735 0.454832 0.316239 0.195378
0 1.514957 0.866071 0.235043 0.095588
0 1.500000 0.998950 0.354701 0.195378
0 1.529915 1.244223 0.470085 0.303571
0 1.493590 1.612395 0.585470 0.439076
0 1.122863 0.282563 0.416667 0.254202
0 1.115385 0.533088 0.376068 0.188025
0 1.080128 0.829832 0.510684 0.411765
0 1.096154 1.133929 0.376068 0.188025
0 0.982906 1.414391 0.504274 0.366597
0 0.983974 1.739496 0.476496 0.218487
0 0.583333 0.270483 0.363248 0.204832
0 0.579060 0.621849 0.448718 0.386555
0 0.585470 1.045693 0.376068 0.251050
0 0.476496 1.370798 0.551282 0.346639
0 0.509615 1.655462 0.361111 0.197479