0 1.704348 0.258605 0.134493 0.137674
0 1.724058 0.375814 0.108986 0.066977
0 1.722899 0.456744 0.125217 0.098605
0 1.734493 0.640000 0.162319 0.137674
0 1.711304 0.822326 0.102029 0.145116
0 1.711304 0.973953 0.129855 0.102326
0 1.707826 1.107907 0.136812 0.124651
0 1.721739 1.226977 0.120580 0.102326
0 1.735652 1.450233 0.118261 0.150698
0 1.708986 1.636279 0.166957 0.150698
0 1.700870 1.785116 0.176232 0.158140
0 1.567536 0.273953 0.125217 0.118140
0 1.562899 0.422791 0.169275 0.185116
0 1.533913 0.613488 0.201739 0.207442
0 1.525797 0.793488 0.143768 0.119070
0 1.532754 0.893023 0.092754 0.078140
0 1.523478 1.013488 0.139130 0.162791
0 1.538551 1.159070 0.129855 0.133953
0 1.545507 1.466047 0.211014 0.230698
0 1.540290 1.639535 0.144928 0.116279
0 1.540870 1.786047 0.141449 0.141395
0 1.382609 0.266047 0.142609 0.204651
0 1.372754 0.456744 0.120580 0.128372
0 1.372174 0.611163 0.128696 0.128372
0 1.378551 0.768372 0.169275 0.182326
0 1.373913 0.949767 0.155362 0.173023
0 1.386667 1.114419 0.134493 0.141395
0 1.392464 1.268837 0.160000 0.156279
0 1.209855 0.230698 0.126377 0.104186
0 1.217391 0.344186 0.115942 0.137674
0 1.223188 0.486512 0.160000 0.165581
0 1.226667 0.639535 0.155362 0.105116
0 1.212754 0.770233 0.111304 0.130233
0 1.223188 0.925581 0.132174 0.106047
0 1.221449 1.025116 0.149565 0.111628
0 1.217391 1.152558 0.199420 0.154419
0 1.220290 1.286512 0.131014 0.128372
0 1.206957 1.672558 0.169275 0.161860
0 1.200000 1.830698 0.132174 0.160000
0 1.043478 0.259535 0.199420 0.275349
0 1.043478 0.447442 0.143768 0.106047
0 1.038841 0.587442 0.134493 0.110698
0 1.044638 0.760000 0.120580 0.163721
0 1.053913 0.938605 0.178551 0.180465
0 1.044638 1.088372 0.113623 0.122791
0 1.045797 1.266977 0.185507 0.167442
0 1.044058 1.433488 0.172754 0.171163
0 1.047536 1.594419 0.151884 0.130233
0 1.031884 1.758605 0.083478 0.134884
0 0.886957 0.270233 0.136812 0.147907
0 0.883478 0.423256 0.134493 0.173023
0 0.878841 0.601395 0.155362 0.157209
0 0.877681 0.771163 0.164638 0.182326
0 0.882319 0.945581 0.169275 0.159070
0 0.882899 1.111163 0.156522 0.179535
0 0.875362 1.274419 0.141449 0.152558
0 0.877681 1.456744 0.164638 0.163721
0 0.873043 1.612558 0.178551 0.157209
0 0.878841 1.784651 0.166957 0.183256
0 0.721159 0.235814 0.118261 0.103256
0 0.731594 0.412093 0.155362 0.143256
0 0.735072 0.595349 0.115942 0.156279
0 0.732754 0.749767 0.129855 0.137674
0 0.718841 0.940465 0.157681 0.169302
0 0.721159 1.094884 0.153043 0.150698
0 0.722899 1.255814 0.126377 0.126512
0 0.717681 1.431628 0.173913 0.176744
0 0.717681 1.616744 0.136812 0.130233
0 0.723478 1.797209 0.157681 0.212093
0 0.572754 0.232093 0.162319 0.196279
0 0.560000 0.426047 0.178551 0.174884
0 0.572174 0.599070 0.175072 0.186047
0 0.551884 0.760000 0.108986 0.128372
0 0.560000 0.945116 0.132174 0.163721
0 0.555362 1.076279 0.132174 0.117209
0 0.560000 1.187907 0.108986 0.094884
0 0.549565 1.294884 0.134493 0.126512
0 0.554783 1.462326 0.126377 0.145116
0 0.566957 1.627442 0.160000 0.121860
0 0.564638 1.788372 0.141449 0.211163
0 0.410435 0.228372 0.166957 0.159070
0 0.395362 0.399070 0.146087 0.148837
0 0.397681 0.586047 0.187826 0.152558
0 0.395362 0.743256 0.127536 0.173023
0 0.402319 0.912558 0.146087 0.154419
0 0.416232 1.074884 0.155362 0.173953
0 0.412174 1.246512 0.149565 0.178605
0 0.404058 1.442791 0.195942 0.191628
0 0.401159 1.632558 0.194783 0.210233
0 0.412754 1.794419 0.129855 0.135814
0 0.248116 0.219535 0.111304 0.107907
0 0.215072 0.394884 0.177391 0.194419
0 0.230725 0.701860 0.183188 0.159070
0 0.251594 0.883721 0.132174 0.174884
0 0.252754 1.074419 0.166957 0.169302
0 0.241159 1.229767 0.171594 0.156279
0 0.227246 1.427442 0.139130 0.159070