0 1.704287 0.302172 0.251969 0.298395
0 1.703412 0.592068 0.260717 0.194523
0 1.632546 0.918791 0.213473 0.292729
0 1.634296 1.195940 0.237970 0.210576
0 1.559055 1.515581 0.255468 0.262512
0 1.379703 0.322002 0.197725 0.322946
0 1.317585 0.655335 0.220472 0.271955
0 1.304462 0.919736 0.229221 0.249292
0 1.295713 1.237960 0.253718 0.251180
0 1.012248 0.324835 0.218723 0.328612
0 0.981627 0.618980 0.248469 0.248347
0 0.929134 0.936733 0.227472 0.283286
0 0.901137 1.243626 0.276465 0.209632
0 0.885389 1.573654 0.279965 0.261568
0 0.620297 0.292257 0.288714 0.229462
0 0.616798 0.639754 0.295713 0.312559
0 0.572178 0.940510 0.206474 0.283286
0 0.496063 1.245515 0.295713 0.251180
0 0.531934 1.583569 0.244969 0.239849