0 0.718173 0.199540 0.088435 0.184747
0 0.716472 0.381657 0.095724 0.182117
0 0.722546 0.564103 0.075802 0.172255
0 0.719145 0.740960 0.094266 0.184747
0 0.636297 0.202005 0.083090 0.189678
0 0.635326 0.384944 0.077259 0.168310
0 0.629981 0.557692 0.103499 0.174556
0 0.637269 0.740302 0.095724 0.183432
0 0.548834 0.206443 0.085034 0.180802
0 0.554908 0.389875 0.086492 0.173570
0 0.552478 0.565746 0.088435 0.170940
0 0.554422 0.743754 0.092323 0.174556
0 0.475705 0.210059 0.075802 0.193294
0 0.476676 0.388067 0.084548 0.174556
0 0.474004 0.563281 0.079203 0.178501
0 0.475705 0.744083 0.094266 0.175871
0 0.397473 0.212853 0.077745 0.188363
0 0.399174 0.392505 0.085034 0.170940
0 0.395530 0.568869 0.092323 0.177186
0 0.392614 0.746713 0.090379 0.168639
0 0.312682 0.222058 0.095724 0.177186
0 0.310010 0.399244 0.090379 0.177186