0 0.406498 0.698418 0.075277 0.053600
0 0.401941 0.741201 0.069334 0.039070
0 0.398574 0.768970 0.062599 0.026154
0 0.399366 0.800129 0.064184 0.045205
0 0.402536 0.844204 0.074485 0.042299
0 0.400158 0.876978 0.062599 0.024540
0 0.405705 0.911850 0.061807 0.049726
0 0.343899 0.705199 0.051506 0.051663
0 0.336767 0.743946 0.053883 0.027769
0 0.336965 0.769939 0.059826 0.029383
0 0.338352 0.809009 0.062599 0.053277
0 0.338550 0.851631 0.058241 0.050048
0 0.282884 0.702615 0.065769 0.051017
0 0.279120 0.741686 0.068542 0.028415
0 0.277536 0.771069 0.060618 0.031644
0 0.278328 0.801905 0.060618 0.031966
0 0.277734 0.838553 0.065769 0.052309
0 0.220681 0.700194 0.061807 0.046174
0 0.222861 0.744430 0.057448 0.051986
0 0.223653 0.782854 0.067750 0.037133
0 0.162639 0.706490 0.070127 0.060058
0 0.166403 0.758799 0.068938 0.057475
0 0.168582 0.802712 0.082013 0.043268
0 0.171751 0.844850 0.089937 0.055215