0 1.815363 1.386633 0.146582 0.069374
0 1.801268 1.471658 0.146582 0.087140
0 1.114870 1.881980 0.081748 0.075296
0 1.052854 1.886633 0.036646 0.104907
0 0.990134 1.887902 0.085976 0.083756
0 0.885835 1.884941 0.111346 0.087986
0 0.778013 1.874788 0.093023 0.077834
0 1.684285 1.401861 0.115574 0.059222
0 1.353066 0.472927 0.191684 0.086294
0 1.378436 0.567259 0.242424 0.107445
0 1.177590 0.483926 0.145173 0.101523
0 1.182523 0.587140 0.163495 0.108291
0 1.011276 0.513536 0.159267 0.164129
0 1.027484 0.615905 0.155039 0.033841
0 0.859760 0.489425 0.152220 0.104061
0 0.859760 0.588832 0.140944 0.077834
0 0.690627 0.500423 0.169133 0.117597
0 0.708950 0.604061 0.157858 0.091371
0 0.521494 0.471235 0.186047 0.055838
0 0.524313 0.532995 0.177590 0.069374
0 0.544045 0.607022 0.174771 0.078680
0 1.113460 0.249154 0.174771 0.112521
0 0.944327 0.245770 0.180409 0.112521
0 0.756871 0.249577 0.183228 0.104907