0 0.677480 0.407906 0.071117 0.047599
0 0.701185 0.491515 0.058640 0.059189
0 0.694011 0.575124 0.076731 0.090646
0 0.696818 0.682740 0.108546 0.093957
0 0.688085 0.769247 0.082346 0.056705
0 0.598565 0.455712 0.101684 0.095199
0 0.606675 0.542632 0.089208 0.081954
0 0.606987 0.611134 0.063631 0.056705
0 0.611354 0.688949 0.068621 0.073262
0 0.607611 0.775662 0.078603 0.063742
0 0.500936 0.415149 0.094822 0.088576
0 0.498440 0.508071 0.112289 0.086507
0 0.503431 0.668667 0.117280 0.084023
0 0.507174 0.749172 0.093575 0.064570