0 0.903890 0.176361 0.075906 0.045559
0 0.895015 0.235387 0.100453 0.062751
0 0.901057 0.276648 0.090634 0.036963
0 0.894449 0.320487 0.099320 0.038682
0 0.892560 0.373926 0.082704 0.060172
0 0.894260 0.436246 0.081571 0.057593
0 0.881798 0.490544 0.065710 0.049857
0 0.881798 0.531375 0.070242 0.016332
0 0.889728 0.563181 0.067976 0.045559
0 0.881798 0.610458 0.072508 0.033524
0 0.366125 0.081089 0.124245 0.088252
0 0.377077 0.157880 0.100831 0.056734
0 0.207515 0.053725 0.057779 0.021490
0 0.222810 0.095129 0.054381 0.053295
0 0.111216 0.068481 0.048716 0.044699
0 0.121979 0.136819 0.074773 0.062751