0 1.723517 0.283582 0.139831 0.150912
0 1.724576 0.422056 0.108051 0.109453
0 1.731462 0.558043 0.128178 0.149254
0 1.753178 0.748756 0.158898 0.180763
0 1.738347 0.902156 0.141949 0.111111
0 1.742585 1.022388 0.120763 0.116086
0 1.742055 1.134328 0.136653 0.140962
0 1.746292 1.278192 0.145127 0.126866
0 1.742585 1.439469 0.150424 0.170813
0 1.847987 1.796020 0.219280 0.310116
0 1.587924 0.253731 0.141949 0.131012
0 1.582627 0.392620 0.122881 0.106965
0 1.566737 0.558872 0.184322 0.182421
0 1.575212 0.720564 0.141949 0.116086
0 1.569915 0.870647 0.190678 0.184080
0 1.581038 1.078773 0.170551 0.215589
0 1.587924 1.330017 0.167373 0.240464
0 1.596398 1.465174 0.091102 0.102819
0 1.587924 1.562189 0.133475 0.117745
0 1.568856 1.671227 0.175847 0.133499
0 1.407839 0.266584 0.125000 0.140133
0 1.403602 0.427861 0.122881 0.124378
0 1.436970 0.585406 0.145127 0.182421
0 1.405720 0.766169 0.167373 0.162521
0 1.417903 0.899254 0.128178 0.131841
0 1.431674 1.008706 0.128178 0.115257
0 1.432733 1.141791 0.187500 0.172471
0 1.420551 1.302653 0.156780 0.175788
0 1.433263 1.439884 0.188559 0.140133
0 1.432203 1.635987 0.139831 0.177446
0 1.272246 0.254561 0.150424 0.142620
0 1.260064 0.410448 0.136653 0.142620
0 1.276483 0.572968 0.175847 0.175788
0 1.250000 0.726368 0.099576 0.122720
0 1.257415 0.854892 0.125000 0.122720
0 1.279661 1.002488 0.161017 0.182421
0 1.286017 1.177446 0.148305 0.150912
0 1.271186 1.332504 0.097458 0.142620
0 1.265360 1.469320 0.119703 0.104478
0 1.284428 1.632670 0.179025 0.210614
0 1.117585 0.255390 0.133475 0.137645
0 1.100106 0.378939 0.145127 0.124378
0 1.108051 0.504561 0.148305 0.145108
0 1.098517 0.636401 0.114407 0.173300
0 1.123941 0.828358 0.192797 0.220564
0 1.103814 0.995854 0.131356 0.155887
0 1.112288 1.183250 0.182203 0.255390
0 1.115466 1.366915 0.125000 0.140133
0 1.132415 1.508706 0.148305 0.140133
0 1.099576 1.645937 0.148305 0.157546
0 0.942797 0.281095 0.165254 0.182421
0 0.936970 0.459370 0.085805 0.144279
0 0.942797 0.614013 0.131356 0.146766
0 0.957097 0.771973 0.170551 0.155887
0 0.948093 0.962272 0.125000 0.160033
0 0.959746 1.097844 0.131356 0.150912
0 0.966102 1.268242 0.114407 0.146766
0 0.959746 1.437396 0.114407 0.166667
0 0.971398 1.629353 0.148305 0.182421
0 0.795551 0.273632 0.148305 0.187396
0 0.818856 0.465174 0.146186 0.162521
0 0.817797 0.643449 0.173729 0.184080
0 0.800847 0.826700 0.182203 0.155887
0 0.795021 0.987562 0.204449 0.175788
0 0.818856 1.164179 0.158898 0.213930
0 0.811970 1.339138 0.170551 0.177446
0 0.822034 1.485904 0.165254 0.184080
0 0.819915 1.637231 0.122881 0.193201
0 0.650953 0.305141 0.221398 0.197347
0 0.625000 0.472637 0.190678 0.155887
0 0.644068 0.643035 0.122881 0.146766
0 0.634004 0.778192 0.170551 0.125207
0 0.640360 0.921227 0.153602 0.144279
0 0.644597 1.109453 0.179025 0.194030
0 0.655720 1.310116 0.190678 0.194030
0 0.654131 1.472637 0.170551 0.144279
0 0.662076 1.644693 0.175847 0.173300
0 0.469809 0.283167 0.187500 0.166667
0 0.475636 0.446932 0.125000 0.122720
0 0.489407 0.592869 0.148305 0.117745
0 0.479343 0.721808 0.145127 0.113599
0 0.467161 0.868988 0.199153 0.187396
0 0.495233 1.082504 0.153602 0.146766
0 0.487288 1.295191 0.135593 0.207297
0 0.496822 1.466003 0.122881 0.117745
0 0.493644 1.617745 0.122881 0.155887
0 0.318856 0.287728 0.158898 0.189055
0 0.324153 0.437811 0.148305 0.137645
0 0.333686 0.613184 0.141949 0.166667
0 0.326801 0.778192 0.128178 0.133499
0 0.313559 0.923715 0.131356 0.117745
0 0.343750 1.071725 0.204449 0.173300
0 0.341631 1.255390 0.195975 0.170813
0 0.353814 1.451493 0.182203 0.224710
0 0.355403 1.630182 0.145127 0.174129
0 0.165254 0.271973 0.156780 0.170813
0 0.162076 0.411277 0.150424 0.117745
0 0.176907 0.592040 0.156780 0.235489
0 0.185381 0.805970 0.167373 0.180763
0 0.189619 0.940299 0.148305 0.137645
0 0.190678 1.124378 0.167373 0.200663
0 0.189089 1.300166 0.153602 0.167496
0 0.182733 1.460199 0.195975 0.194030
0 0.197034 1.622720 0.144068 0.159204