0 0.530622 0.390399 0.060287 0.023551
0 0.585646 0.390851 0.072727 0.029891
0 0.630144 0.414855 0.027751 0.065217
0 0.631579 0.475091 0.028708 0.058877
0 0.632536 0.529438 0.028708 0.064312
0 0.632057 0.581975 0.027751 0.053442
0 0.611962 0.620018 0.064115 0.028080
0 0.550718 0.619565 0.062201 0.028986
0 0.488995 0.621377 0.065072 0.030797
0 0.433014 0.620924 0.046890 0.029891
0 0.394737 0.600996 0.031579 0.069746
0 0.394737 0.538949 0.029665 0.063406
0 0.393780 0.483696 0.027751 0.056159
0 0.392823 0.427536 0.033493 0.061594