0 0.376294 0.660640 0.124177 0.129346
0 0.366886 0.810153 0.097836 0.107093
0 0.345249 0.982615 0.114770 0.148818
0 0.312794 1.141168 0.162747 0.132128
0 0.305738 1.293115 0.148636 0.142559
0 0.613358 0.650209 0.139229 0.129346
0 0.582314 0.806328 0.103481 0.142559
0 0.804327 0.647079 0.154280 0.153686
0 0.792568 0.816412 0.130762 0.111266
0 0.790687 0.992350 0.151458 0.151599
0 0.766698 1.135605 0.133584 0.137691
0 0.718721 1.522949 0.112888 0.114047
0 1.028222 0.660292 0.163688 0.157858
0 1.006585 1.013908 0.142992 0.144645
0 0.981185 1.158554 0.127940 0.132128
0 0.984008 1.296940 0.122295 0.159944
0 1.249765 0.657163 0.136406 0.129346
0 1.233302 0.848401 0.174976 0.152990
0 1.197554 1.318150 0.127940 0.127260
0 1.187206 1.496175 0.124177 0.123088
0 1.441204 0.678025 0.127940 0.140473
0 1.442145 0.852573 0.154280 0.121001
0 1.430386 0.990264 0.125118 0.129346
0 1.446849 1.084840 0.097836 0.068150
0 1.426152 1.164465 0.122295 0.100834
0 1.415804 1.313630 0.129821 0.121001
0 1.406397 1.493741 0.118532 0.136300