0 0.795455 0.269946 0.181818 0.122376
0 0.795455 0.386023 0.156364 0.110978
0 0.804545 0.477205 0.165455 0.074985
0 0.800909 0.586383 0.158182 0.152969
0 0.791364 0.685363 0.177273 0.060588
0 0.800000 0.779544 0.132727 0.112178
0 0.802727 0.882124 0.174545 0.096581
0 0.645000 0.273245 0.119091 0.128974
0 0.636818 0.394121 0.157273 0.110378
0 0.640000 0.507199 0.163636 0.100180
0 0.626818 0.631374 0.170000 0.119376
0 0.615909 0.726755 0.180909 0.083383
0 0.626364 0.874025 0.161818 0.092382
0 0.490000 0.322735 0.187273 0.140372
0 0.483636 0.467307 0.167273 0.130774
0 0.479091 0.550390 0.161818 0.062987
0 0.469091 0.632873 0.138182 0.091182
0 0.461818 0.747151 0.161818 0.098980
0 0.460455 0.860528 0.171818 0.094181
0 0.256364 0.685663 0.236364 0.106779
0 0.280000 0.777744 0.192727 0.079784
0 0.275000 0.841932 0.195455 0.028194