0 0.201991 0.217105 0.109680 0.240954
0 0.214091 0.459498 0.126073 0.159128
0 0.215652 0.606086 0.104996 0.116776
0 0.224239 0.800576 0.138564 0.185855
0 0.362998 0.189762 0.161593 0.200247
0 0.380757 0.415090 0.151835 0.177220
0 0.386222 0.615543 0.153396 0.221217
0 0.394028 0.839227 0.140125 0.225329
0 0.569087 0.178865 0.177205 0.171053
0 0.563037 0.492393 0.150273 0.231497
0 0.588407 0.763363 0.151835 0.175576
0 0.764442 0.220189 0.167447 0.231497
0 0.770492 0.498150 0.097580 0.132812
0 0.790398 0.771998 0.128025 0.128701