0 0.789307 0.146584 0.105241 0.098758
0 0.793111 0.355280 0.107777 0.102484
0 0.801986 0.444255 0.115385 0.089752
0 0.807692 0.560248 0.171598 0.149068
0 0.816145 0.670031 0.163990 0.081056
0 0.810228 0.797671 0.171598 0.171118
0 0.615596 0.123137 0.139899 0.127640
0 0.609467 0.239130 0.127642 0.118634
0 0.598478 0.358851 0.139476 0.127640
0 0.602916 0.487578 0.135672 0.139130
0 0.586855 0.621273 0.128910 0.113354
0 0.584954 0.739286 0.117498 0.111491
0 0.568893 0.870652 0.130178 0.165528
0 0.405114 0.133075 0.208369 0.183540
0 0.394759 0.289596 0.199493 0.151242
0 0.381868 0.420342 0.151733 0.119565
0 0.360947 0.650155 0.134404 0.153106
0 0.356086 0.526087 0.129755 0.106211
0 0.367287 0.797671 0.166526 0.159938
0 0.190828 0.100776 0.176247 0.169255
0 0.167582 0.280590 0.173711 0.183540
0 0.187236 0.432453 0.139476 0.127640
0 0.171386 0.570186 0.156805 0.150932