0 0.881032 0.082114 0.038270 0.073171
0 0.886023 0.151220 0.044925 0.058537
0 0.894343 0.347154 0.048253 0.066667
0 0.902662 0.420325 0.044925 0.066667
0 0.907654 0.478862 0.031614 0.037398
0 0.906822 0.546341 0.043261 0.071545
0 0.919301 0.636585 0.041597 0.092683
0 0.916805 0.729268 0.049917 0.073171
0 0.924293 0.810569 0.048253 0.060163
0 0.930948 0.904065 0.054908 0.110569
0 0.867720 0.594309 0.051581 0.073171
0 0.871048 0.672358 0.051581 0.086179
0 0.874376 0.759350 0.051581 0.065041
0 0.879368 0.818699 0.044925 0.056911
0 0.882696 0.891057 0.048253 0.074797
0 0.821131 0.610569 0.054908 0.089431
0 0.825291 0.702439 0.053245 0.078049
0 0.828619 0.781301 0.053245 0.092683
0 0.833611 0.870732 0.049917 0.063415
0 0.767887 0.600813 0.044925 0.060163
0 0.778702 0.668293 0.049917 0.071545
0 0.783694 0.804878 0.043261 0.068293
0 0.520799 0.308943 0.053245 0.071545
0 0.529118 0.378862 0.039933 0.071545
0 0.529950 0.441463 0.041597 0.060163
0 0.535774 0.508943 0.049917 0.081301
0 0.475042 0.156911 0.034942 0.056911
0 0.475042 0.221951 0.038270 0.079675
0 0.475874 0.295122 0.046589 0.063415
0 0.478369 0.355285 0.048253 0.066667
0 0.480033 0.421951 0.058236 0.073171
0 0.486689 0.496748 0.048253 0.076423
0 0.441764 0.155285 0.038270 0.076423
0 0.434276 0.391870 0.036606 0.061789
0 0.434276 0.452033 0.043261 0.065041
0 0.435940 0.513008 0.043261 0.060163
0 0.206323 0.621138 0.046589 0.097561
0 0.166389 0.608943 0.036606 0.076423
0 0.089018 0.137398 0.054908 0.082927
0 0.086522 0.286992 0.053245 0.073171
0 0.089850 0.369106 0.049917 0.074797
0 0.089850 0.440650 0.046589 0.045528
0 0.089850 0.500813 0.053245 0.074797
0 0.074043 0.583740 0.048253 0.081301