0 0.608874 0.380025 0.077816 0.044858
0 0.611263 0.420229 0.088055 0.033009
0 0.607509 0.463817 0.068259 0.051629
0 0.614334 0.509099 0.054608 0.045705
0 0.599659 0.572366 0.097611 0.068980
0 0.588055 0.653618 0.085324 0.068134
0 0.571672 0.732755 0.101706 0.057131
0 0.482935 0.357385 0.141297 0.085908
0 0.504096 0.494075 0.108532 0.092679
0 0.497952 0.574058 0.086689 0.062209
0 0.498294 0.624207 0.080546 0.033009
0 0.491126 0.676047 0.104437 0.067287
0 0.483959 0.750529 0.076451 0.079983
0 0.385324 0.435675 0.115358 0.080829
0 0.392491 0.512273 0.076451 0.069826
0 0.382253 0.570461 0.081911 0.036394
0 0.398294 0.626957 0.092150 0.080829
0 0.365188 0.708633 0.075085 0.063055
0 0.366212 0.787347 0.131741 0.087601