0 0.764083 0.231986 0.117747 0.153570
0 0.745023 0.373003 0.092334 0.092599
0 0.747141 0.526247 0.109276 0.112162
0 0.757730 0.716009 0.100805 0.125204
0 0.586404 0.204434 0.126641 0.118683
0 0.557391 0.393707 0.145701 0.212912
0 0.542143 0.553799 0.085557 0.100750
0 0.557179 0.686501 0.124100 0.138572
0 0.366794 0.202967 0.128759 0.148353
0 0.390089 0.350668 0.128759 0.104010
0 0.361076 0.534724 0.139348 0.161722
0 0.367641 0.698728 0.113511 0.133681
0 0.225116 0.184056 0.107158 0.104010
0 0.221093 0.325073 0.124524 0.158461
0 0.212622 0.471797 0.124524 0.134985
0 0.215375 0.610531 0.152054 0.141832
0 0.222999 0.754157 0.107158 0.099120