0 0.747203 0.357373 0.093007 0.083410
0 0.749650 0.478111 0.061538 0.049309
0 0.741608 0.559447 0.087413 0.108756
0 0.747552 0.672350 0.078322 0.109677
0 0.751049 0.759217 0.090909 0.063134
0 0.761538 0.821889 0.078322 0.059447
0 0.769580 0.878341 0.059441 0.057143
0 0.770280 0.924654 0.052448 0.033641
0 0.630420 0.253456 0.084615 0.105991
0 0.611888 0.347465 0.046154 0.057143
0 0.633566 0.420046 0.055944 0.054839
0 0.655245 0.494240 0.072727 0.087097
0 0.658741 0.584793 0.061538 0.089401
0 0.654196 0.693779 0.088811 0.118433
0 0.677273 0.799770 0.066434 0.086175
0 0.686713 0.874654 0.058741 0.062673
0 0.540559 0.188710 0.064336 0.055760
0 0.523776 0.241475 0.065734 0.047926
0 0.523427 0.301613 0.088811 0.072350
0 0.551399 0.362673 0.069231 0.044240
0 0.563636 0.433641 0.089510 0.100461
0 0.590909 0.528111 0.068531 0.082949