0 1.814149 0.314363 0.056755 0.303523
0 1.819345 0.796748 0.060751 0.325203
0 1.829736 1.273713 0.071942 0.628726
0 1.753797 0.314363 0.054357 0.455285
0 1.759392 0.891599 0.062350 0.482385
0 1.759792 1.360434 0.088729 0.552846
0 1.697842 0.352304 0.067146 0.444444
0 1.693845 0.975610 0.075140 0.639566
0 1.683453 1.457995 0.060751 0.303523
0 1.625899 0.352304 0.054357 0.401084
0 1.622302 0.915989 0.079137 0.574526
0 1.618705 1.390244 0.063949 0.504065
0 1.541966 0.880759 0.091127 0.547425
0 1.543165 1.398374 0.074341 0.476965
0 1.462030 0.322493 0.052758 0.384824
0 1.468425 0.964770 0.076739 0.607046
0 1.467626 1.441734 0.073541 0.346883
0 1.384892 0.902439 0.093525 0.482385
0 1.390887 1.379404 0.079936 0.547425
0 1.314149 0.905149 0.060751 0.574526
0 1.310152 1.392954 0.063949 0.509485
0 1.249001 0.363144 0.061551 0.411924
0 1.251799 0.834688 0.073541 0.455285
0 1.252598 1.306233 0.059153 0.574526
0 1.189049 0.336043 0.066347 0.433604
0 1.191847 0.785908 0.067146 0.487805
0 1.184253 1.338753 0.074341 0.585366
0 1.119105 0.953930 0.099121 0.823848
0 1.036771 0.823848 0.071942 0.487805
0 1.033573 1.333333 0.071942 0.585366
0 0.963229 0.859079 0.078337 0.569106
0 0.958433 1.382114 0.075140 0.433604
0 0.882094 1.037940 0.088729 0.861789
0 0.788969 1.018970 0.110312 0.769648
0 0.693445 1.059621 0.083933 0.710027
0 0.624301 1.029810 0.068745 0.596206
0 0.559952 0.975610 0.071143 0.552846
0 0.426859 0.910569 0.095923 0.520325
0 0.258193 1.024390 0.097522 0.834688
0 0.171863 1.027100 0.078337 0.699187