0 1.742547 0.255404 0.417344 0.150860
0 1.699187 0.412439 0.417344 0.150860
0 1.737127 0.567711 0.449864 0.150860
0 1.726287 0.696956 0.428184 0.135862
0 1.720867 0.834142 0.373984 0.143802
0 1.691057 0.981473 0.428184 0.154389
0 1.715447 1.142038 0.449864 0.150860
0 1.699187 1.296427 0.417344 0.150860
0 1.710027 1.432289 0.417344 0.150860
0 1.710027 1.587561 0.417344 0.150860
0 1.688347 1.744596 0.417344 0.150860
0 1.699187 1.899868 0.417344 0.150860
0 1.279133 0.172475 0.417344 0.150860
0 1.289973 0.333921 0.417344 0.150860
0 1.300813 0.491839 0.417344 0.150860
0 1.279133 0.632113 0.417344 0.150860
0 1.254743 0.782973 0.417344 0.150860
0 1.254743 0.932951 0.417344 0.150860
0 0.891599 1.594618 0.417344 0.150860
0 0.880759 1.744596 0.417344 0.150860
0 0.869919 1.899868 0.417344 0.150860
0 0.409214 0.150860 0.417344 0.171151
0 0.395664 0.314071 0.417344 0.169387
0 0.420054 0.463608 0.417344 0.150860
0 0.420054 0.617115 0.417344 0.150860
0 0.436314 0.775474 0.449864 0.187031