0 0.729014 0.369814 0.024450 0.027442
0 0.732681 0.408853 0.026895 0.032342
0 0.735738 0.456387 0.035452 0.041163
0 0.754482 0.626919 0.035452 0.049004
0 0.758557 0.671513 0.035452 0.036263
0 0.770986 0.716759 0.029340 0.027442
0 0.773227 0.752042 0.025672 0.033322
0 0.713936 0.614342 0.026895 0.025155
0 0.721475 0.646847 0.026487 0.021562
0 0.723513 0.688337 0.035452 0.045083
0 0.690709 0.615975 0.017115 0.028422
0 0.662592 0.764783 0.025265 0.039856
0 0.629381 0.651094 0.030562 0.039856
0 0.631214 0.766253 0.043195 0.050637
0 0.444784 0.352663 0.033822 0.040183
0 0.448859 0.386475 0.024042 0.021562
0 0.443154 0.455080 0.028117 0.037896
0 0.453545 0.498367 0.022005 0.029729
0 0.457824 0.531689 0.028117 0.032342
0 0.462510 0.570565 0.039120 0.042796
0 0.414629 0.351682 0.025672 0.036263
0 0.414629 0.453283 0.030562 0.046063
0 0.415648 0.504574 0.038305 0.046063
0 0.418500 0.545900 0.041565 0.029402
0 0.417482 0.577752 0.041157 0.036263
0 0.256316 0.654525 0.042380 0.040836
0 0.259780 0.712349 0.033007 0.027769
0 0.271190 0.775564 0.055827 0.056844
0 0.210065 0.669716 0.025672 0.027442
0 0.209046 0.699281 0.026895 0.029075
0 0.217808 0.790428 0.034637 0.037569
0 0.172779 0.702385 0.039120 0.041816
0 0.167278 0.734237 0.037082 0.023195
0 0.124083 0.461451 0.036267 0.056517
0 0.121231 0.518948 0.033007 0.042796
0 0.124694 0.560274 0.039935 0.039856
0 0.122249 0.609441 0.049715 0.040836
0 0.128769 0.651911 0.043195 0.034303
0 0.121231 0.767886 0.035452 0.033649
0 0.118174 0.797125 0.030155 0.026135
0 0.114914 0.833061 0.035045 0.031362