0 0.824444 0.479147 0.284444 0.072289
0 0.831111 0.539388 0.266667 0.048193
0 0.873333 0.586654 0.342222 0.031511
0 0.854444 0.638554 0.366667 0.064875
0 0.896667 0.709917 0.362222 0.070436
0 0.895556 0.797034 0.306667 0.111214
0 0.935556 0.875811 0.315556 0.057461
0 0.931111 0.959222 0.324444 0.116775
0 0.955556 1.060704 0.262222 0.067655
0 0.960000 1.134384 0.271111 0.088971
0 0.950000 1.202039 0.291111 0.050046
0 0.953333 1.268767 0.333333 0.075996
0 0.944444 1.342910 0.315556 0.079703
0 0.964444 1.426321 0.271111 0.087118
0 0.944444 1.484708 0.315556 0.044486
0 0.942222 1.539388 0.320000 0.083411
0 0.944444 1.623726 0.333333 0.081557
0 0.960000 1.707136 0.315556 0.085264
0 0.917778 1.797498 0.271111 0.095459
0 0.888889 1.902688 0.346667 0.135310
0 1.482222 0.067192 0.408889 0.071362
0 1.488889 0.118165 0.382222 0.037998
0 1.486667 0.170992 0.324444 0.091752
0 1.535556 0.271548 0.391111 0.105653
0 1.540000 0.349398 0.351111 0.048193
0 1.553333 0.415199 0.351111 0.090825
0 1.582222 0.515292 0.302222 0.103800
0 1.600000 0.598703 0.360000 0.048193
0 1.626667 0.660797 0.324444 0.075996
0 1.624444 0.731233 0.395556 0.074143
0 1.688889 0.800741 0.195556 0.088971
0 1.671111 0.890639 0.346667 0.087118
0 1.686667 0.964782 0.342222 0.055607
0 1.670000 1.039852 0.300000 0.090825
0 1.690000 1.116311 0.366667 0.067655
0 1.708889 1.188137 0.386667 0.061168
0 1.751111 1.266914 0.320000 0.100093
0 1.711111 1.369787 0.302222 0.101946
0 1.751111 1.450417 0.328889 0.072289
0 1.721111 1.533828 0.366667 0.090825
0 1.715556 1.621872 0.257778 0.098239
0 1.704444 1.706209 0.346667 0.072289