0 1.257627 1.308468 0.071186 0.084677
0 1.250847 1.389113 0.115254 0.084677
0 1.252542 1.486391 0.118644 0.061492
0 1.234746 1.612903 0.083051 0.116935
0 1.233898 1.724798 0.115254 0.104839
0 1.123729 1.284274 0.098305 0.072581
0 1.108475 1.400202 0.088136 0.070565
0 1.113559 1.480847 0.077966 0.062500
0 1.096610 1.601310 0.084746 0.071573
0 1.105085 1.710685 0.094915 0.078629
0 0.992373 1.281250 0.093220 0.078629
0 0.974576 1.388105 0.145763 0.106855
0 0.967797 1.481855 0.132203 0.084677
0 0.950847 1.600806 0.111864 0.096774
0 0.957627 1.703629 0.125424 0.068548
0 0.956780 1.799395 0.130508 0.110887
0 0.847458 1.279234 0.118644 0.096774
0 0.847458 1.379032 0.094915 0.048387
0 0.823729 1.709677 0.098305 0.080645
0 0.813559 1.802419 0.101695 0.076613
0 0.708475 1.268145 0.108475 0.068548
0 0.694915 1.362903 0.159322 0.112903
0 0.694068 1.486895 0.133898 0.090726
0 0.688136 1.612399 0.135593 0.105847
0 0.674576 1.707157 0.091525 0.075605
0 0.683051 1.788306 0.091525 0.072581
0 0.546610 1.261593 0.140678 0.081653
0 0.532203 1.348286 0.101695 0.093750
0 0.505085 1.447581 0.115254 0.064516
0 0.501695 1.555444 0.088136 0.125000
0 0.500000 1.691532 0.179661 0.122984
0 0.510169 1.819556 0.179661 0.131048