0 1.644701 0.146643 0.224185 0.109541
0 1.687500 1.518551 0.184783 0.139576
0 1.672554 1.696113 0.203804 0.162544
0 1.442935 1.235866 0.239130 0.180212
0 1.442935 1.449647 0.198370 0.201413
0 1.423913 1.629859 0.201087 0.178445
0 1.175951 0.174028 0.188859 0.160777
0 1.154891 0.314929 0.236413 0.124558
0 1.219429 1.293286 0.229620 0.229682
0 1.220788 1.480565 0.229620 0.155477
0 1.218750 1.643110 0.214674 0.194346
0 0.952446 0.162544 0.220109 0.164311
0 0.921196 0.311837 0.163043 0.143110
0 0.919837 0.472615 0.214674 0.210247
0 0.915761 0.678445 0.239130 0.160777
0 0.925272 0.818021 0.233696 0.141343
0 0.922554 0.968198 0.220109 0.157244
0 0.927310 1.107332 0.197011 0.126325
0 0.938859 1.434629 0.214674 0.220848
0 0.948370 1.621466 0.206522 0.138693
0 0.798913 0.151060 0.130435 0.106007
0 0.800272 0.240283 0.111413 0.093640
0 0.793478 0.341431 0.141304 0.099823
0 0.764946 0.421378 0.127717 0.086572
0 0.755435 0.501767 0.108696 0.095406
0 0.741168 0.584806 0.118207 0.091873
0 0.735054 0.666519 0.133152 0.083922
0 0.732337 0.726590 0.149457 0.057420
0 0.745924 0.795053 0.138587 0.091873
0 0.756793 0.882509 0.163043 0.109541
0 0.750000 0.983216 0.133152 0.088339
0 0.763587 1.071555 0.130435 0.107774
0 0.758152 1.165194 0.135870 0.100707
0 0.749321 1.246908 0.137228 0.076855
0 0.762908 1.330389 0.134511 0.116608
0 0.763587 1.422261 0.135870 0.088339
0 0.760870 1.507067 0.141304 0.106007
0 0.770380 1.577739 0.130435 0.063604
0 0.775815 1.637809 0.122283 0.077739
0 0.747283 1.703180 0.108696 0.081272
0 0.676630 0.146201 0.133152 0.080389
0 0.676630 0.236749 0.138587 0.123675
0 0.663723 0.345406 0.120924 0.111307
0 0.649457 0.430654 0.114130 0.080389
0 0.646060 0.530477 0.123641 0.135159
0 0.619565 0.643993 0.141304 0.104240
0 0.610734 0.732332 0.123641 0.091873
0 0.610734 0.810071 0.123641 0.083039
0 0.609375 0.894876 0.153533 0.114841
0 0.620924 0.980565 0.133152 0.075972
0 0.626359 1.054770 0.144022 0.093640
0 0.633152 1.133392 0.130435 0.086572
0 0.629076 1.218198 0.138587 0.114841
0 0.633152 1.315371 0.130435 0.093640
0 0.637228 1.389576 0.114130 0.083039
0 0.645380 1.472615 0.133152 0.093640
0 0.641304 1.548145 0.133152 0.073322
0 0.631793 1.708481 0.149457 0.128975
0 0.544837 0.152827 0.146739 0.106007
0 0.543478 0.250000 0.133152 0.113074
0 0.544837 0.356449 0.144022 0.103357
0 0.523098 0.454064 0.144022 0.111307
0 0.520380 0.533569 0.138587 0.067138
0 0.521739 0.606890 0.130435 0.097173
0 0.500000 0.691696 0.133152 0.088339
0 0.494565 0.782686 0.146739 0.106007
0 0.485054 0.871466 0.127717 0.099823
0 0.494565 0.954947 0.146739 0.090106
0 0.491848 1.042403 0.163043 0.109541
0 0.495245 1.354240 0.153533 0.086572
0 0.500000 1.428445 0.135870 0.090106
0 0.489810 1.502650 0.158967 0.083039
0 0.489130 1.568021 0.163043 0.070671
0 0.486413 1.638693 0.152174 0.083039
0 0.476902 1.700530 0.111413 0.074205
0 0.479620 1.777827 0.163043 0.103357