0 0.436275 0.085294 0.120448 0.145752
0 0.450280 0.213725 0.114846 0.108497
0 0.454832 0.309477 0.108543 0.083007
0 0.461134 0.412418 0.074930 0.125490
0 0.455182 0.497059 0.082633 0.024183
0 0.463235 0.558170 0.091737 0.079739
0 0.435574 0.617647 0.085434 0.028758
0 0.441527 0.682026 0.122549 0.088235
0 0.442577 0.783660 0.050420 0.090196
0 0.322829 0.068954 0.067227 0.067320
0 0.337185 0.171895 0.077731 0.121569
0 0.337535 0.294118 0.107843 0.128105
0 0.336134 0.391503 0.116246 0.044444
0 0.590686 0.143137 0.102941 0.095425
0 0.613796 0.281046 0.123950 0.142484
0 0.736345 0.417320 0.107143 0.166667
0 0.746849 0.521242 0.108543 0.038562
0 0.730392 0.611438 0.113445 0.101307
0 0.746499 0.681699 0.099440 0.033987
0 0.752801 0.752288 0.120448 0.095425
0 0.615896 0.637908 0.058123 0.079739
0 0.619748 0.710131 0.114846 0.051634
0 0.623249 0.781046 0.082633 0.081046
0 0.230042 0.094444 0.072129 0.073856
0 0.216036 0.163725 0.090336 0.054248
0 0.223039 0.227124 0.088936 0.054248
0 0.224090 0.329085 0.096639 0.103922