0 0.514054 0.306869 0.081081 0.078788
0 0.510811 0.413131 0.095135 0.124040
0 0.500000 0.539394 0.081081 0.102626
0 0.483784 0.636768 0.070270 0.096162
0 0.490000 0.729091 0.084865 0.078788
0 0.484595 0.805455 0.083784 0.058586
0 0.483784 0.883434 0.082162 0.083636
0 0.615405 0.175354 0.077297 0.066263
0 0.600000 0.266465 0.080000 0.063434
0 0.605405 0.378990 0.101622 0.130909
0 0.596757 0.495758 0.073514 0.066263
0 0.578108 0.597172 0.090270 0.116364
0 0.576486 0.735960 0.077297 0.067475
0 0.577027 0.840000 0.091351 0.096162