0 1.707341 0.574642 0.063492 0.074983
0 1.712798 0.761418 0.048611 0.162236
0 1.729167 0.957055 0.083333 0.190866
0 1.727183 1.205181 0.073413 0.188139
0 1.753968 1.417860 0.079365 0.141786
0 1.762401 1.587594 0.076389 0.096796
0 1.766865 1.739605 0.065476 0.141786
0 1.637897 1.214724 0.073413 0.095433
0 1.646825 1.404226 0.063492 0.229039
0 1.648810 1.576005 0.067460 0.089980
0 1.670139 1.807771 0.090278 0.174506
0 1.514881 1.280164 0.061508 0.237219
0 1.534722 1.495569 0.089286 0.155419
0 1.552579 1.634628 0.053571 0.089980
0 1.565476 1.781868 0.103175 0.182686
0 0.979167 0.234492 0.081349 0.136333
0 0.968254 0.418541 0.069444 0.166326
0 0.979167 0.559646 0.077381 0.107703
0 0.982143 0.700068 0.059524 0.151329
0 0.996032 0.901159 0.087302 0.215406
0 0.897817 0.274029 0.081349 0.196319
0 0.892361 0.454669 0.078373 0.118609
0 0.897321 0.597137 0.056548 0.092706
0 0.900794 0.785958 0.095238 0.216769
0 0.310516 1.254260 0.109127 0.234492
0 0.293651 1.513292 0.089286 0.223586
0 0.267857 1.792774 0.115079 0.297205
0 0.171627 1.366053 0.117063 0.196319
0 0.160218 1.582140 0.098214 0.235855
0 0.139881 1.815951 0.087302 0.158146