0 0.812977 0.428819 0.119892 0.119985
0 0.809385 0.579090 0.131567 0.192901
0 0.829142 0.782793 0.155815 0.178241
0 0.692411 0.183063 0.135608 0.127701
0 0.688595 0.414159 0.111810 0.103009
0 0.674001 0.546682 0.108666 0.138117
0 0.686798 0.693673 0.110912 0.125000
0 0.698698 0.820795 0.107768 0.143133
0 0.552762 0.179012 0.109564 0.114198
0 0.564212 0.318673 0.128873 0.138117
0 0.569825 0.440586 0.125730 0.078704
0 0.561742 0.525077 0.115851 0.100309
0 0.562191 0.610147 0.064661 0.081404
0 0.572295 0.847029 0.128873 0.104552
0 0.418051 0.176698 0.127526 0.101080
0 0.441850 0.295910 0.109564 0.121914
0 0.453300 0.413387 0.104625 0.087577
0 0.445667 0.557485 0.130669 0.199846
0 0.165020 0.194444 0.106421 0.115741
0 0.203413 0.531250 0.122137 0.198302