0 1.541401 0.317096 0.353048 0.185662
0 1.547771 0.543199 0.300273 0.194853
0 1.604186 0.768842 0.333030 0.217831
0 1.614195 0.975184 0.327571 0.161765
0 1.630573 1.209559 0.203822 0.148897
0 1.626934 1.443934 0.196542 0.141544
0 1.177434 0.331801 0.287534 0.200368
0 1.220200 0.584099 0.307552 0.217831
0 1.253867 0.817096 0.313012 0.181985
0 1.272066 0.995404 0.229299 0.115809
0 1.248408 1.225643 0.247498 0.168199
0 1.296633 1.471507 0.267516 0.244485
0 0.858053 0.293199 0.267516 0.145221
0 0.844404 0.534926 0.262056 0.165441
0 0.890810 0.786765 0.333030 0.187500
0 0.902639 1.017004 0.262056 0.184743
0 0.869882 1.227941 0.247498 0.145221
0 0.902639 1.473346 0.327571 0.215074
0 0.522293 0.318934 0.287534 0.134191
0 0.489536 0.568934 0.294813 0.215074
0 0.567789 0.823529 0.313012 0.187500
0 0.555960 1.028033 0.274795 0.214154
0 0.551410 1.249081 0.345769 0.187500
0 0.559600 1.483915 0.267516 0.155331