0 0.768817 0.092139 0.115054 0.098982
0 0.779839 0.203533 0.109140 0.081795
0 0.787903 0.303469 0.098387 0.091980
0 0.813441 0.427912 0.127957 0.104710
0 0.815323 0.542648 0.151075 0.116486
0 0.820968 0.656270 0.096774 0.059198
0 0.833065 0.777053 0.109140 0.086251
0 0.615323 0.104710 0.130645 0.116486
0 0.624731 0.216900 0.133333 0.091980
0 0.634140 0.321770 0.119892 0.087206
0 0.641129 0.431731 0.146774 0.100255
0 0.646505 0.561267 0.151075 0.131445
0 0.668011 0.686187 0.141398 0.095481
0 0.683602 0.799809 0.141398 0.093571
0 0.454570 0.105506 0.131720 0.111076
0 0.457258 0.222629 0.102688 0.096435
0 0.485753 0.332591 0.141398 0.094208
0 0.483065 0.450509 0.145699 0.118714
0 0.492473 0.559357 0.139785 0.094526
0 0.493280 0.676957 0.138172 0.135582
0 0.518280 0.798695 0.143011 0.100891
0 0.310753 0.120465 0.131183 0.115532
0 0.326344 0.235837 0.161290 0.095481
0 0.298118 0.339593 0.144624 0.093571
0 0.348118 0.449236 0.105914 0.085614
0 0.351075 0.551560 0.093548 0.071929
0 0.356720 0.667887 0.123118 0.079249
0 0.361022 0.802992 0.113441 0.087206
0 0.152688 0.121738 0.096774 0.083705
0 0.159140 0.229313 0.118280 0.083705
0 0.170161 0.331795 0.095161 0.092616
0 0.196774 0.423775 0.104301 0.056334
0 0.194355 0.485519 0.084409 0.043603
0 0.216667 0.568428 0.153763 0.099936
0 0.226882 0.676480 0.136559 0.109166
0 0.207258 0.795353 0.144624 0.120942