0 1.671846 0.235069 0.196395 0.147014
0 1.644500 0.405819 0.196395 0.147014
0 1.663145 0.605666 0.196395 0.147014
0 1.654444 0.761868 0.196395 0.147014
0 1.649472 0.920368 0.196395 0.147014
0 1.654444 1.107198 0.196395 0.147014
0 1.684276 1.289433 0.196395 0.147014
0 1.684276 1.490812 0.196395 0.217458
0 1.684276 1.676876 0.196395 0.147014
0 1.724052 1.823890 0.196395 0.147014
0 1.472965 0.238897 0.196395 0.147014
0 1.446861 0.421133 0.196395 0.147014
0 1.446861 0.603369 0.196395 0.147014
0 1.433188 0.764931 0.196395 0.169985
0 1.455562 0.930322 0.196395 0.147014
0 1.446861 1.090352 0.196395 0.147014
0 1.472965 1.283308 0.196395 0.147014
0 1.477937 1.444870 0.196395 0.147014
0 1.482909 1.614089 0.196395 0.147014
0 1.486638 1.793262 0.196395 0.147014
0 1.244251 0.245789 0.196395 0.147014
0 1.239279 0.433384 0.196395 0.147014
0 1.235550 0.597243 0.196395 0.147014
0 1.249223 0.768760 0.196395 0.147014
0 1.213176 0.935681 0.196395 0.147014
0 1.256681 1.117917 0.196395 0.147014
0 1.252952 1.279096 0.196395 0.184533
0 1.271597 1.453292 0.196395 0.147014
0 1.279055 1.606432 0.196395 0.147014
0 1.284027 1.791730 0.196395 0.147014
0 1.059043 0.249617 0.196395 0.147014
0 1.041641 0.424962 0.196395 0.147014
0 1.015538 0.597243 0.196395 0.147014
0 1.050342 0.751149 0.196395 0.147014
0 1.032940 0.932619 0.196395 0.179173
0 1.037912 1.097243 0.196395 0.147014
0 1.050342 1.264165 0.196395 0.147014
0 1.081417 1.465544 0.196395 0.202144
0 1.062772 1.633231 0.196395 0.147014
0 1.067744 1.787136 0.196395 0.147014
0 0.847732 0.264165 0.196395 0.156202
0 0.830951 0.445636 0.202610 0.180704
0 0.829086 0.614089 0.196395 0.147014
0 0.844002 0.762634 0.196395 0.147014
0 0.825357 0.924962 0.196395 0.147014
0 0.844002 1.100306 0.196395 0.173047
0 0.844002 1.262634 0.196395 0.147014
0 0.844002 1.432619 0.196395 0.147014
0 0.839030 1.623660 0.196395 0.187596
0 0.856433 1.793262 0.196395 0.147014
0 0.650093 0.247320 0.196395 0.147014
0 0.614046 0.411945 0.196395 0.147014
0 0.627719 0.626340 0.196395 0.205207
0 0.657551 0.802450 0.196395 0.147014
0 0.622747 0.946401 0.196395 0.147014
0 0.650093 1.093032 0.196395 0.163093
0 0.614046 1.257274 0.196395 0.147014
0 0.650093 1.477029 0.196395 0.197550
0 0.645121 1.645482 0.196395 0.147014
0 0.647607 1.793262 0.196395 0.147014
0 0.466128 0.247703 0.156619 0.161562
0 0.454941 0.416539 0.196395 0.147014
0 0.437539 0.574273 0.196395 0.147014
0 0.416408 0.772588 0.196395 0.147014
0 0.423866 0.920368 0.196395 0.147014
0 0.416408 1.068913 0.196395 0.147014
0 0.446240 1.248086 0.196395 0.147014
0 0.416408 1.439510 0.196395 0.147014
0 0.423866 1.604900 0.196395 0.147014
0 0.401492 1.779479 0.196395 0.147014
0 0.257303 0.237366 0.196395 0.147014
0 0.247359 0.413476 0.196395 0.147014
0 0.257303 0.583461 0.196395 0.147014
0 0.239901 0.764931 0.161591 0.166922
0 0.239901 0.932619 0.196395 0.147014
0 0.226227 1.091884 0.196395 0.147014
0 0.243630 1.258806 0.196395 0.147014
0 0.222498 1.421133 0.196395 0.147014
0 0.222498 1.606432 0.196395 0.147014
0 0.217526 1.794028 0.196395 0.191424