0 1.635882 0.367769 0.231765 0.258264
0 1.630000 0.592975 0.151765 0.194215
0 1.636471 0.820764 0.169412 0.193182
0 1.648235 1.026343 0.181176 0.201446
0 1.622353 1.259298 0.214118 0.204545
0 1.621176 1.497934 0.225882 0.268595
0 1.632353 1.734504 0.243529 0.181818
0 1.420000 0.297521 0.155294 0.285124
0 1.414118 0.594008 0.169412 0.258264
0 1.405882 0.820248 0.235294 0.188017
0 1.403529 1.018595 0.148235 0.171488
0 1.430000 1.675620 0.180000 0.183884
0 1.212353 0.313017 0.163529 0.200413
0 1.222353 0.569731 0.200000 0.238636
0 1.192353 0.820248 0.191765 0.223140
0 1.015294 0.322314 0.162353 0.268595
0 1.000000 0.568182 0.214118 0.165289
0 0.990588 0.785124 0.195294 0.212810
0 1.008235 1.013430 0.202353 0.233471
0 0.998235 1.213326 0.191765 0.178719
0 1.011176 1.409607 0.229412 0.261364
0 1.021176 1.650826 0.129412 0.173554
0 0.789412 0.284607 0.171765 0.180785
0 0.780588 0.565083 0.220000 0.239669
0 0.797647 0.797521 0.157647 0.177686
0 0.778824 1.005165 0.183529 0.146694
0 0.789412 1.207645 0.237647 0.219008
0 0.806471 1.430269 0.140000 0.201446
0 0.803529 1.554752 0.157647 0.030992
0 0.816471 1.679752 0.192941 0.223140
0 0.584706 0.327479 0.209412 0.204545
0 0.585882 0.574380 0.160000 0.216942
0 0.584118 0.816632 0.165882 0.226240
0 0.580000 1.017562 0.197647 0.140496
0 0.588824 1.232955 0.163529 0.178719
0 0.604706 1.432335 0.167059 0.178719
0 0.632941 1.688533 0.195294 0.215909
0 0.360588 0.342975 0.165882 0.252066
0 0.373529 0.605372 0.180000 0.225207
0 0.374706 0.855888 0.203529 0.213843
0 0.388235 1.067149 0.197647 0.169421
0 0.411765 1.252583 0.174118 0.158058
0 0.414118 1.466942 0.202353 0.208678