0 0.852002 0.190272 0.120477 0.140916
0 0.851232 0.334049 0.103541 0.118026
0 0.825828 0.463340 0.095843 0.097639
0 0.845073 0.614986 0.131255 0.130544
0 0.832756 0.758941 0.085065 0.114449
0 0.818899 0.879828 0.075828 0.062947
0 0.665127 0.177396 0.154734 0.140916
0 0.689761 0.339592 0.173210 0.178469
0 0.671286 0.520744 0.117783 0.138054
0 0.662625 0.638591 0.103541 0.111946
0 0.664165 0.751967 0.100462 0.114807
0 0.665897 0.873212 0.090839 0.133405
0 0.507121 0.181688 0.141263 0.163805
0 0.474981 0.325286 0.120862 0.143419
0 0.492687 0.535050 0.140878 0.212446
0 0.483449 0.747675 0.113164 0.157725
0 0.483641 0.883941 0.103541 0.106223
0 0.321209 0.201717 0.149731 0.201001
0 0.296382 0.391273 0.131640 0.186695
0 0.307352 0.599607 0.134334 0.224249
0 0.300423 0.769134 0.126636 0.111946
0 0.319669 0.890558 0.122017 0.142346
0 0.127983 0.191702 0.106620 0.155222
0 0.137991 0.462268 0.142032 0.246423
0 0.130293 0.711731 0.098922 0.112303
0 0.145689 0.851753 0.105081 0.101931