0 0.848256 0.139598 0.078806 0.077630
0 0.843226 0.209568 0.052649 0.045284
0 0.839705 0.256214 0.054997 0.060266
0 0.851274 0.329928 0.075453 0.066054
0 0.842220 0.398536 0.064051 0.084780
0 0.848424 0.480933 0.058350 0.084780
0 0.838028 0.570140 0.065057 0.103166
0 0.841046 0.672114 0.057009 0.066054
0 0.837693 0.750255 0.066398 0.091590
0 0.845070 0.832993 0.087860 0.076609
0 0.839202 0.924753 0.081489 0.085802
0 0.764252 0.146919 0.061704 0.073204
0 0.759222 0.233231 0.046948 0.067416
0 0.756539 0.315458 0.073105 0.111338
0 0.754024 0.406537 0.064051 0.075587
0 0.753353 0.491828 0.051308 0.065032
0 0.756372 0.578311 0.086854 0.103166
0 0.757042 0.675349 0.067404 0.081376
0 0.757545 0.745999 0.073105 0.067416
0 0.753521 0.830099 0.092555 0.089207
0 0.756204 0.910793 0.061704 0.069459
0 0.693662 0.165305 0.086854 0.091590
0 0.695842 0.245318 0.077800 0.080014
0 0.681590 0.336398 0.062710 0.074225
0 0.676056 0.405686 0.053655 0.061628
0 0.682763 0.598570 0.069752 0.083759
0 0.680751 0.673476 0.061704 0.066054
0 0.677398 0.750596 0.068410 0.083418
0 0.678236 0.834185 0.067404 0.090569
0 0.678571 0.908240 0.098256 0.076609
0 0.600436 0.145897 0.090208 0.091590
0 0.599933 0.229656 0.066398 0.071842
0 0.602280 0.309670 0.054997 0.071842
0 0.605466 0.403132 0.077465 0.105550
0 0.602783 0.490126 0.060698 0.068437
0 0.597082 0.565884 0.060698 0.085802
0 0.604460 0.655941 0.059356 0.073204
0 0.594903 0.740041 0.065057 0.083418
0 0.596915 0.841675 0.099262 0.105550
0 0.589034 0.923561 0.067404 0.071842
0 0.523307 0.135853 0.075453 0.113721
0 0.522300 0.221655 0.041247 0.057882
0 0.530516 0.301498 0.087860 0.099762
0 0.529007 0.390364 0.077465 0.082057
0 0.527331 0.482125 0.083501 0.089207
0 0.522971 0.551753 0.052649 0.050051
0 0.528504 0.602486 0.058350 0.056861
0 0.525989 0.665475 0.051308 0.073204
0 0.510731 0.836908 0.061704 0.066054
0 0.505701 0.908921 0.087860 0.091590
0 0.443494 0.140449 0.093561 0.094995
0 0.437458 0.214164 0.059356 0.059244
0 0.430751 0.291284 0.043260 0.076609
0 0.446177 0.372319 0.072099 0.088185
0 0.441650 0.473102 0.065057 0.092952
0 0.443494 0.567245 0.080148 0.097378
0 0.447518 0.660027 0.074111 0.104528
0 0.445003 0.746680 0.081154 0.082397
0 0.429913 0.839632 0.076459 0.094654
0 0.434105 0.919305 0.064051 0.070821
0 0.360999 0.139768 0.075453 0.091590
0 0.356472 0.226422 0.077800 0.085802
0 0.353119 0.309329 0.073105 0.082057
0 0.360999 0.393939 0.047954 0.066054
0 0.370054 0.479060 0.082160 0.085802
0 0.359826 0.576098 0.061704 0.087164
0 0.365023 0.653558 0.062710 0.080014
0 0.355466 0.747872 0.089202 0.084780
0 0.348256 0.826013 0.075453 0.085802
0 0.344400 0.909602 0.065057 0.083418
0 0.275989 0.151856 0.069752 0.097378
0 0.282193 0.228124 0.060698 0.066054
0 0.279846 0.307967 0.091549 0.089547
0 0.284876 0.395642 0.097586 0.095335
0 0.290912 0.484848 0.083501 0.092612
0 0.276492 0.583418 0.086854 0.111338
0 0.266264 0.666837 0.057009 0.060266
0 0.265761 0.742594 0.056003 0.067416
0 0.267438 0.827034 0.052649 0.069459
0 0.264755 0.898536 0.060698 0.061287
0 0.185278 0.106061 0.075453 0.068437
0 0.191147 0.169391 0.053655 0.060266
0 0.184943 0.236466 0.059356 0.060266
0 0.191650 0.305584 0.069416 0.091590
0 0.206405 0.390024 0.067404 0.081376
0 0.201207 0.461185 0.066398 0.075247
0 0.194668 0.536602 0.075453 0.077630
0 0.194165 0.609125 0.057009 0.074225
0 0.187793 0.675860 0.069752 0.066054
0 0.186117 0.748212 0.073105 0.088185
0 0.183937 0.830099 0.082160 0.070821
0 0.181087 0.902622 0.079142 0.078992
0 0.100939 0.108274 0.076459 0.089207
0 0.102113 0.184542 0.067404 0.057882
0 0.107981 0.239190 0.058350 0.052094
0 0.110161 0.299625 0.072099 0.074225
0 0.113347 0.388492 0.092555 0.087164
0 0.104963 0.484508 0.073105 0.093973
0 0.097082 0.585972 0.093561 0.090569
0 0.093226 0.674668 0.092555 0.063670
0 0.091382 0.727954 0.064051 0.072863
0 0.091885 0.815628 0.099262 0.099762
0 0.078974 0.904324 0.080148 0.087164