0 1.499339 0.254600 0.179657 0.163457
0 1.487450 0.427899 0.214003 0.136928
0 1.504624 0.668806 0.235139 0.180573
0 1.517834 0.871202 0.293263 0.189987
0 1.540291 1.102696 0.237781 0.183997
0 1.540291 1.281130 0.232497 0.167736
0 1.549538 1.494223 0.219287 0.166025
0 1.562748 1.714591 0.287979 0.195978
0 1.289300 0.240479 0.248349 0.183141
0 1.282695 0.461275 0.229855 0.183141
0 1.273448 0.677364 0.269485 0.225075
0 1.292602 0.889174 0.191546 0.191699
0 1.317041 1.086864 0.171731 0.150620
0 1.298547 1.277706 0.211361 0.183141
0 1.293263 1.486521 0.261559 0.196834
0 1.301189 1.695336 0.219287 0.183141
0 1.064729 0.258023 0.195509 0.173727
0 1.054822 0.449294 0.199472 0.198545
0 1.065390 0.675225 0.217966 0.189987
0 1.080581 0.886607 0.182299 0.169448
0 1.102378 1.098845 0.241744 0.171160
0 1.097754 1.284553 0.200793 0.155755
0 1.107001 1.440308 0.129458 0.133504
0 1.101717 1.579375 0.208719 0.124091
0 1.091149 1.729140 0.195509 0.124091
0 0.835535 0.252460 0.249670 0.191699
0 0.836196 0.474112 0.203435 0.195122
0 0.869221 0.688917 0.206077 0.171160
0 0.872523 0.890886 0.225892 0.172871
0 0.887715 1.105691 0.221929 0.189987
0 0.865258 1.284981 0.187583 0.156611
0 0.883752 1.491656 0.187583 0.162602
0 0.862616 1.719298 0.219287 0.159178
0 0.647292 0.280702 0.169089 0.147197
0 0.627477 0.465554 0.245707 0.191699
0 0.625495 0.661532 0.207398 0.142062
0 0.659841 0.859221 0.157199 0.112965
0 0.661823 1.095421 0.214003 0.203680
0 0.656539 1.291399 0.182299 0.148909
0 0.672391 1.499786 0.224571 0.195978
0 0.671070 1.705178 0.192867 0.156611
0 0.426684 0.274711 0.229855 0.210526
0 0.406209 0.467694 0.191546 0.141207
0 0.410832 0.658109 0.208719 0.231065
0 0.447820 0.902867 0.229855 0.186564
0 0.434610 1.124519 0.245707 0.215661
0 0.460370 1.353017 0.191546 0.162602
0 0.443857 1.483098 0.221929 0.121523
0 0.449802 1.661960 0.207398 0.169448