0 0.586973 0.863780 0.066617 0.029921
0 0.581791 0.908661 0.074019 0.040945
0 0.581791 0.959449 0.079941 0.041732
0 0.580311 1.018898 0.082902 0.050394
0 0.581791 1.068110 0.071058 0.048031
0 0.577350 1.119291 0.085862 0.054331
0 0.578830 1.178346 0.068098 0.043307
0 0.578090 1.227953 0.078460 0.052756
0 0.575870 1.284646 0.068098 0.043307
0 0.418949 0.874803 0.074019 0.045669
0 0.417469 0.929528 0.076980 0.040157
0 0.416728 0.981496 0.090303 0.060630
0 0.413768 1.036614 0.081421 0.049606
0 0.413027 1.088189 0.088823 0.045669
0 0.405625 1.148031 0.071058 0.056693
0 0.401184 1.209449 0.079941 0.048819
0 0.398224 1.260630 0.088823 0.040945
0 0.398224 1.303543 0.079941 0.048031