0 1.743644 1.362115 0.129237 0.236123
0 1.756356 1.629075 0.158898 0.288987
0 1.605932 1.116740 0.135593 0.215859
0 1.628178 1.376652 0.125000 0.251101
0 1.615466 1.609692 0.105932 0.255507
0 1.019068 0.343612 0.084746 0.202643
0 1.024894 0.585903 0.121822 0.220264
0 1.040784 0.837004 0.121822 0.237885
0 0.925847 0.341850 0.076271 0.204405
0 0.916314 0.585463 0.084746 0.233480
0 0.929025 0.844934 0.103814 0.230837
0 0.395657 1.126872 0.134534 0.218502
0 0.417373 1.536564 0.161017 0.262555
0 0.244174 1.362996 0.132415 0.262555