0 1.475225 0.327381 0.454955 0.372449
0 1.471471 0.625850 0.288288 0.210884
0 1.488739 0.892857 0.262763 0.193878
0 1.466967 1.153061 0.375375 0.227891
0 1.442943 1.380952 0.363363 0.243197
0 1.448949 1.632653 0.357357 0.260204
0 1.114114 0.386905 0.294294 0.287415
0 1.148649 0.638605 0.327327 0.231293
0 1.142643 0.894558 0.279279 0.173469
0 1.150901 1.151361 0.253754 0.190476
0 1.140390 1.375850 0.214715 0.183673
0 1.139640 1.610544 0.249249 0.226190
0 0.798799 0.378401 0.345345 0.285714
0 0.807808 0.641156 0.240240 0.215986
0 0.827327 0.907313 0.339339 0.227891
0 0.823574 1.161565 0.349850 0.260204
0 0.816817 1.387330 0.318318 0.181122
0 0.829580 1.641156 0.328829 0.287415
0 0.481982 0.425170 0.297297 0.265306
0 0.527027 0.686650 0.285285 0.198129
0 0.515015 0.912415 0.279279 0.253401
0 0.506006 1.159864 0.285285 0.238095
0 0.505255 1.396259 0.319820 0.258503
0 0.545045 1.624575 0.258258 0.181122