0 0.598913 0.395815 0.061062 0.046305
0 0.596821 0.446126 0.062735 0.056100
0 0.597867 0.510908 0.068172 0.073464
0 0.605186 0.584817 0.061062 0.073464
0 0.593057 0.669858 0.064408 0.083259
0 0.593057 0.752226 0.050188 0.061888
0 0.505646 0.412734 0.071100 0.056990
0 0.496863 0.554541 0.064408 0.085040
0 0.495190 0.634907 0.082811 0.075690
0 0.501046 0.701024 0.063572 0.059216
0 0.490381 0.756456 0.058971 0.056990
0 0.426809 0.396260 0.068172 0.066785
0 0.417817 0.461487 0.082811 0.073464
0 0.416562 0.536287 0.083647 0.083259
0 0.402133 0.602627 0.068172 0.059216
0 0.404015 0.671193 0.084483 0.062778
0 0.406524 0.739537 0.085320 0.077471