0 0.509396 0.664165 0.049664 0.053784
0 0.555034 0.663227 0.046980 0.049406
0 0.606376 0.664165 0.046309 0.048780
0 0.656376 0.662914 0.059060 0.056285
0 0.661074 0.606942 0.053691 0.053158
0 0.658725 0.557536 0.054362 0.049406
0 0.661074 0.508130 0.057718 0.059412
0 0.660738 0.452158 0.059732 0.055034
0 0.661409 0.403377 0.061074 0.048780
0 0.657718 0.359287 0.065772 0.050657
0 0.601342 0.363039 0.056376 0.049406
0 0.542282 0.361476 0.059060 0.053784
0 0.482886 0.359600 0.059732 0.053784
0 0.426846 0.360538 0.049664 0.056911
0 0.381208 0.360851 0.044295 0.056285
0 0.334899 0.364290 0.053691 0.063164
0 0.334899 0.422139 0.060403 0.058787
0 0.334564 0.484678 0.057047 0.062539
0 0.336577 0.547217 0.057047 0.058787
0 0.335570 0.606316 0.052349 0.056911
0 0.336577 0.663852 0.053020 0.053158
0 0.392953 0.666667 0.059732 0.055034
0 0.454362 0.665416 0.060403 0.056285