0 1.612338 0.317776 0.275704 0.250248
0 1.562833 0.610725 0.307692 0.212512
0 1.538462 0.920556 0.188880 0.204568
0 1.538462 1.125621 0.231531 0.181728
0 1.573496 1.346077 0.322925 0.197617
0 1.599391 1.630089 0.292460 0.340616
0 1.293222 0.353525 0.231531 0.313803
0 1.268850 0.663357 0.185834 0.210526
0 1.241432 0.895730 0.176695 0.154916
0 1.276466 1.135055 0.231531 0.192651
0 1.270373 1.397219 0.237624 0.252234
0 1.291698 1.693148 0.225438 0.252234
0 0.992384 0.328699 0.278751 0.323734
0 0.982483 0.690169 0.298553 0.252234
0 0.990861 0.976167 0.196497 0.172790
0 0.988576 1.181231 0.234577 0.177756
0 0.979436 1.419563 0.185834 0.189672
0 0.984006 1.711023 0.307692 0.220457
0 0.714395 0.313803 0.271135 0.274081
0 0.703732 0.602781 0.210206 0.156902
0 0.671744 0.803376 0.210206 0.172790
0 0.719726 1.008441 0.202589 0.187686
0 0.718964 1.201589 0.222391 0.170804
0 0.709825 1.408143 0.231531 0.218471
0 0.726580 1.679245 0.231531 0.200596
0 0.434120 0.348560 0.298553 0.260179
0 0.440213 0.674280 0.271135 0.216485
0 0.431835 0.983118 0.290937 0.162860
0 0.440213 1.391261 0.265042 0.252234
0 0.459254 1.684211 0.284844 0.270109