0 0.524798 0.086815 0.189158 0.055710
0 0.512687 0.141365 0.169550 0.059889
0 0.522491 0.208217 0.193772 0.067317
0 0.524798 0.257660 0.177624 0.042711
0 0.528835 0.305478 0.201845 0.056639
0 0.518454 0.364903 0.181084 0.057567
0 0.517301 0.411328 0.146482 0.035283
0 0.513841 0.459378 0.162630 0.052461
0 0.513264 0.496286 0.191465 0.036212
0 0.504614 0.539694 0.185698 0.047818
0 0.509227 0.597957 0.162630 0.070566
0 0.509227 0.655060 0.162630 0.041783
0 0.509804 0.688719 0.175317 0.030176
0 0.511534 0.740251 0.146482 0.074745