0 0.768554 0.177033 0.137488 0.124402
0 0.753092 0.300239 0.106565 0.079631
0 0.751665 0.411141 0.141770 0.131237
0 0.759515 0.535885 0.119410 0.108681
0 0.766889 0.650376 0.142721 0.116200
0 0.787583 0.830144 0.137488 0.121668
0 0.590152 0.157211 0.110847 0.080656
0 0.586346 0.244703 0.128925 0.082707
0 0.580875 0.362953 0.134158 0.124402
0 0.587060 0.522215 0.123692 0.116200
0 0.590390 0.660116 0.151284 0.126111
0 0.404853 0.210868 0.131304 0.144908
0 0.400095 0.388927 0.144624 0.136705
0 0.404853 0.542550 0.179829 0.160287
0 0.408896 0.775120 0.139391 0.122351
0 0.197193 0.165926 0.185062 0.106972
0 0.202426 0.257348 0.147003 0.088175
0 0.226927 0.391319 0.170314 0.123718
0 0.214320 0.561517 0.138440 0.129870
0 0.214082 0.766234 0.134158 0.150376