0 0.779724 0.121575 0.122842 0.182253
0 0.801431 0.318834 0.121855 0.139191
0 0.816231 0.508917 0.164282 0.198347
0 0.826591 0.754458 0.159349 0.203132
0 0.585101 0.125489 0.141095 0.142236
0 0.591268 0.332318 0.130735 0.222706
0 0.614948 0.569595 0.177109 0.230100
0 0.611741 0.822097 0.170696 0.173989
0 0.368032 0.188560 0.186482 0.242279
0 0.359891 0.433014 0.146522 0.168334
0 0.384805 0.606568 0.153922 0.157895
0 0.381845 0.811875 0.184509 0.231840
0 0.148002 0.225315 0.167736 0.235755
0 0.182042 0.488691 0.143069 0.195302
0 0.192403 0.664854 0.124322 0.141366
0 0.198569 0.829926 0.133695 0.173989