0 0.726505 0.183953 0.136220 0.124389
0 0.701426 0.314168 0.166315 0.128523
0 0.708817 0.460729 0.173706 0.126268
0 0.709873 0.580233 0.089229 0.105224
0 0.700370 0.723600 0.112460 0.144682
0 0.706177 0.840661 0.139916 0.091695
0 0.560718 0.182826 0.159451 0.185269
0 0.568110 0.330327 0.115100 0.099211
0 0.560190 0.477452 0.135164 0.144682
0 0.568110 0.604096 0.093981 0.079293
0 0.563358 0.722473 0.107709 0.080797
0 0.590021 0.840849 0.089229 0.093574
0 0.425290 0.183202 0.134636 0.184517
0 0.431362 0.359263 0.097149 0.136039
0 0.435850 0.488726 0.114572 0.109357
0 0.439282 0.615746 0.135164 0.122135
0 0.448786 0.738256 0.114044 0.119880
0 0.450370 0.860391 0.107709 0.102593
0 0.286959 0.190530 0.123020 0.113491
0 0.295143 0.331079 0.158395 0.127772
0 0.303062 0.485908 0.136220 0.114243
0 0.307814 0.610297 0.103485 0.089440
0 0.327614 0.724352 0.110348 0.093574
0 0.323654 0.851747 0.136220 0.110109