0 1.136995 0.787361 0.212432 0.138290
0 1.149065 0.922677 0.197948 0.141264
0 1.147858 1.110409 0.171394 0.112268
0 1.129149 1.278810 0.249849 0.185874
0 1.162945 1.437175 0.182257 0.099628
0 1.138202 1.581784 0.176222 0.112268
0 0.918527 0.785874 0.171394 0.141264
0 0.905250 0.962082 0.144840 0.163569
0 0.898008 1.135688 0.130356 0.073606
0 0.896801 1.302602 0.161738 0.144238
0 0.684369 0.796654 0.224502 0.195539
0 0.689197 0.959851 0.171394 0.118959
0 0.687387 1.123420 0.218467 0.163569
0 0.692215 1.294424 0.187085 0.147212
0 0.684369 1.442379 0.190706 0.127881
0 0.702474 1.602230 0.207604 0.185874
0 0.453832 0.823792 0.212432 0.199257
0 0.473748 1.000743 0.228123 0.160595
0 0.484007 1.161338 0.197948 0.150186
0 0.468316 1.436803 0.207604 0.176208
0 0.496077 1.596654 0.171394 0.115242
0 0.231744 0.825279 0.212432 0.208178
0 0.241400 1.010781 0.212432 0.156877
0 0.252263 1.157621 0.161738 0.141264
0 0.286059 1.598885 0.248642 0.173234