0 0.493039 0.365812 0.057609 0.051611
0 0.490879 0.434783 0.092655 0.063184
0 0.484398 0.512512 0.097936 0.067876
0 0.476476 0.585549 0.080173 0.071942
0 0.478877 0.648108 0.079213 0.062559
0 0.470235 0.715358 0.090735 0.070691
0 0.373500 0.368940 0.110418 0.082265
0 0.385502 0.442759 0.095055 0.065374
0 0.368459 0.511417 0.102256 0.070691
0 0.370379 0.577260 0.077292 0.067876
0 0.363178 0.647169 0.114738 0.068815
0 0.279165 0.365812 0.088814 0.074758
0 0.285406 0.442915 0.088814 0.070066
0 0.270763 0.512043 0.095055 0.069440
0 0.258041 0.581013 0.100336 0.064748
0 0.260922 0.647482 0.087854 0.056303
0 0.256601 0.713012 0.116659 0.074132