0 0.616320 0.150165 0.138875 0.116662
0 0.632793 0.263835 0.155601 0.115465
0 0.618348 0.376757 0.168272 0.107987
0 0.620375 0.484146 0.142930 0.104397
0 0.620375 0.596470 0.117587 0.098115
0 0.618855 0.696530 0.113533 0.091834
0 0.618601 0.800778 0.159655 0.136404
0 0.634313 0.908465 0.124176 0.107089
0 0.463761 0.155250 0.111505 0.096919
0 0.488089 0.255160 0.138875 0.100509
0 0.486062 0.365540 0.134820 0.105295
0 0.471617 0.478612 0.130258 0.120251
0 0.476939 0.591834 0.146984 0.102004
0 0.472377 0.695633 0.115560 0.107987
0 0.479473 0.799880 0.151039 0.100509
0 0.471617 0.893808 0.153573 0.099312
0 0.322098 0.136554 0.176888 0.126533
0 0.339584 0.253664 0.144957 0.102902
0 0.337557 0.371822 0.140902 0.135208
0 0.340345 0.494167 0.130258 0.101705
0 0.332235 0.597368 0.122149 0.120251
0 0.337810 0.703410 0.124176 0.094227
0 0.346680 0.811846 0.113533 0.114269
0 0.338824 0.904876 0.134313 0.069399
0 0.184997 0.149417 0.134820 0.125337
0 0.186011 0.263685 0.119615 0.122943
0 0.194121 0.592133 0.134820 0.124140
0 0.193360 0.700568 0.126204 0.098115
0 0.189559 0.808106 0.172326 0.114568
0 0.194374 0.903829 0.157628 0.091834