0 0.710817 0.182193 0.164904 0.170122
0 0.705288 0.362255 0.131731 0.153650
0 0.726202 0.520449 0.145673 0.126953
0 0.694231 0.702215 0.153846 0.091167
0 0.689904 0.835842 0.150962 0.160182
0 0.515144 0.203777 0.142788 0.143993
0 0.486298 0.357427 0.123558 0.087759
0 0.504327 0.516615 0.165385 0.165294
0 0.463702 0.687163 0.167788 0.150241
0 0.493269 0.843226 0.159615 0.161886
0 0.283413 0.211162 0.164904 0.151945
0 0.275240 0.397756 0.142788 0.162170
0 0.275240 0.624538 0.176442 0.160182
0 0.263942 0.816813 0.125962 0.112468