0 0.837268 0.123758 0.077786 0.099722
0 0.850232 0.226659 0.081269 0.087008
0 0.868808 0.338300 0.095201 0.082241
0 0.878870 0.419944 0.100619 0.069130
0 0.746130 0.101311 0.067337 0.050060
0 0.765286 0.190306 0.077786 0.088200
0 0.775735 0.306516 0.075464 0.091776
0 0.791989 0.427096 0.070820 0.076281
0 0.665248 0.114422 0.074303 0.088200
0 0.679760 0.225864 0.073142 0.114025
0 0.682276 0.332936 0.055728 0.092968
0 0.688661 0.425904 0.075464 0.061979
0 0.582237 0.133294 0.070820 0.106873
0 0.584559 0.236194 0.082430 0.067938
0 0.592105 0.329956 0.074303 0.077473
0 0.589203 0.425904 0.082430 0.057211
0 0.505998 0.127334 0.070820 0.111641
0 0.500774 0.240366 0.074303 0.064362
0 0.495743 0.329360 0.076625 0.071514
0 0.496130 0.419348 0.069659 0.075089
0 0.418344 0.119785 0.074303 0.094160
0 0.418344 0.231824 0.067337 0.099722
0 0.411378 0.329956 0.078947 0.079857
0 0.405573 0.411601 0.071981 0.081049
0 0.341138 0.132698 0.089396 0.115217
0 0.334172 0.247914 0.059211 0.115217
0 0.327786 0.363329 0.060372 0.089392
0 0.215364 0.145809 0.104102 0.134287
0 0.165828 0.310489 0.125000 0.147398
0 0.626161 0.700834 0.098297 0.083433
0 0.636416 0.788041 0.082430 0.084625
0 0.636997 0.889551 0.081269 0.092968
0 0.534056 0.686532 0.071981 0.071514
0 0.531734 0.777314 0.069659 0.046484
0 0.545666 0.877036 0.060372 0.067938
0 0.456656 0.692491 0.071981 0.073897
0 0.451432 0.792213 0.063854 0.071514
0 0.457237 0.885975 0.049923 0.085816
0 0.371904 0.683552 0.078947 0.089392
0 0.372485 0.882201 0.061533 0.067938
0 0.286378 0.697060 0.074303 0.104489
0 0.279605 0.807112 0.070820 0.094160
0 0.273220 0.894319 0.037152 0.069130
0 0.210333 0.698451 0.066176 0.071514
0 0.106231 0.700636 0.080108 0.104489
0 0.101200 0.801748 0.087074 0.073897