0 0.901370 0.308891 0.257534 0.131775
0 0.904110 0.479632 0.230137 0.089267
0 0.882192 0.677294 0.317808 0.130358
0 0.917808 0.871413 0.378082 0.138859
0 0.979452 1.051364 0.441096 0.127524
0 0.967123 1.214311 0.323288 0.124690
0 0.968493 1.349628 0.386301 0.128941
0 1.136986 1.600071 0.794521 0.200496
0 0.545205 0.249734 0.421918 0.160822
0 0.564384 0.444917 0.306849 0.133192
0 0.534247 0.667375 0.345205 0.141693
0 0.541096 0.858661 0.347945 0.133192
0 0.578082 1.332625 0.383562 0.170032
0 0.534247 1.692171 0.301370 0.125399