0 0.670580 0.169012 0.146735 0.110158
0 0.700293 0.317948 0.166544 0.135553
0 0.723404 0.459677 0.168745 0.125944
0 0.745781 0.577385 0.181218 0.105353
0 0.763023 0.727351 0.227439 0.145848
0 0.449743 0.188744 0.196625 0.142759
0 0.504402 0.334592 0.192957 0.107069
0 0.513573 0.531915 0.223037 0.200412
0 0.546955 0.726664 0.203228 0.141043
0 0.219736 0.186685 0.182685 0.117364
0 0.261189 0.361016 0.233309 0.195607
0 0.271460 0.520933 0.184886 0.116678
0 0.308511 0.642931 0.219369 0.135553
0 0.317682 0.763555 0.168745 0.091970