0 0.661587 0.138125 0.134603 0.104299
0 0.674286 0.311487 0.190476 0.149401
0 0.707302 0.489077 0.170159 0.135307
0 0.669206 0.651163 0.149841 0.115574
0 0.698413 0.815363 0.228571 0.145173
0 0.452063 0.143058 0.223492 0.136716
0 0.460952 0.329105 0.210794 0.147992
0 0.449524 0.501762 0.213333 0.101480
0 0.445714 0.673714 0.160000 0.186047
0 0.464762 0.842847 0.157460 0.143763
0 0.238730 0.154334 0.157460 0.133897
0 0.243810 0.324877 0.182857 0.153629
0 0.222222 0.491896 0.160000 0.126850
0 0.240000 0.662438 0.205714 0.149401
0 0.269206 0.814658 0.172698 0.126850