0 0.724239 0.701770 0.243376 0.219249
0 0.733072 1.604230 0.243376 0.209754
0 0.729146 1.166595 0.151129 0.083729
0 0.699215 0.246439 0.193327 0.152784
0 0.215898 0.701338 0.162905 0.170047
0 1.248773 0.702633 0.114818 0.182995
0 1.087341 0.372464 0.196271 0.192490
0 0.340530 1.053086 0.215898 0.207164
0 1.096173 1.058265 0.162905 0.162279
0 0.363592 0.367717 0.193327 0.172637
0 0.712463 1.842900 0.223749 0.212344
0 0.737488 1.405697 0.134446 0.157963
0 0.931305 1.593440 0.129539 0.143289
0 1.031403 1.605524 0.066732 0.103582
0 0.551521 1.616746 0.105986 0.150194
0 0.440137 1.608114 0.101079 0.138110
0 0.724730 0.885628 0.081452 0.079413
0 0.718351 0.971946 0.129539 0.110488
0 0.736016 0.528269 0.104024 0.079413
0 0.719333 0.435477 0.170756 0.100993
0 0.929342 0.711265 0.092247 0.096677
0 1.033366 0.707812 0.109912 0.162279
0 0.536801 0.709107 0.086359 0.100993
0 0.420510 0.702633 0.134446 0.182995