0 1.107692 0.575066 0.107692 0.157029
0 1.193269 0.946419 0.151923 0.203714
0 0.846154 0.242971 0.115385 0.167639
0 0.778846 0.593103 0.119231 0.150663
0 0.764423 0.770292 0.140385 0.165517
0 0.732692 0.958090 0.134615 0.171883
0 1.497115 1.746419 0.121154 0.165517
0 1.345192 1.743236 0.136538 0.154907
0 1.205769 1.720955 0.126923 0.131565
0 1.050000 1.724138 0.115385 0.133687
0 0.899038 1.731565 0.151923 0.152785
0 0.735577 1.746419 0.136538 0.174005
0 0.599038 1.756499 0.098077 0.160212
0 0.463462 1.774005 0.134615 0.152785