0 0.839763 0.153347 0.071385 0.170732
0 0.842953 0.333420 0.031592 0.148936
0 0.847205 0.508303 0.054678 0.183186
0 0.850395 0.683965 0.061057 0.118319
0 0.850243 0.854696 0.069259 0.172289
0 0.760176 0.125065 0.068348 0.145304
0 0.770808 0.326155 0.068348 0.141671
0 0.770504 0.503633 0.075638 0.170732
0 0.774909 0.690192 0.058931 0.167099
0 0.769593 0.860924 0.061057 0.159834
0 0.693803 0.143747 0.069259 0.194084
0 0.696993 0.322263 0.065310 0.134925
0 0.696233 0.497405 0.066221 0.143747
0 0.697448 0.681111 0.064399 0.188376
0 0.700334 0.853399 0.061057 0.151012
0 0.626823 0.142968 0.064095 0.202906
0 0.621355 0.326674 0.056804 0.129216
0 0.625304 0.492994 0.075638 0.184743
0 0.626367 0.677737 0.073512 0.167099
0 0.629557 0.847431 0.071385 0.157758
0 0.550122 0.134665 0.057716 0.175921
0 0.552400 0.308251 0.076853 0.167099
0 0.555893 0.490400 0.069259 0.172289
0 0.549210 0.666061 0.066221 0.161391
0 0.551792 0.839388 0.075638 0.166580
0 0.475699 0.124805 0.057716 0.170732
0 0.476762 0.304359 0.055589 0.156201
0 0.478433 0.667878 0.077764 0.157758
0 0.476610 0.836015 0.057716 0.145304
0 0.403554 0.119616 0.067132 0.156201
0 0.404921 0.397509 0.069259 0.127660
0 0.403554 0.676700 0.065310 0.161910
0 0.407351 0.838609 0.089307 0.165023
0 0.338244 0.125843 0.067132 0.175921
0 0.332017 0.302802 0.069259 0.177997
0 0.330043 0.483913 0.061057 0.177997
0 0.331106 0.661650 0.077764 0.192008
0 0.339459 0.847431 0.052552 0.157758
0 0.258050 0.129216 0.068348 0.172289
0 0.259569 0.311624 0.079891 0.188376
0 0.260784 0.492994 0.075638 0.159834
0 0.263366 0.670732 0.068651 0.195641
0 0.267011 0.848469 0.065006 0.152569
0 0.189854 0.133887 0.074727 0.159834
0 0.187576 0.307992 0.068348 0.177997
0 0.189702 0.501297 0.064095 0.147379
0 0.187728 0.692268 0.070474 0.159834
0 0.190614 0.861183 0.087181 0.163467
0 0.118165 0.129216 0.070474 0.140114
0 0.113913 0.310846 0.066221 0.201349
0 0.118773 0.511936 0.069259 0.168656
0 0.115583 0.691230 0.065310 0.157758
0 0.111482 0.874416 0.077764 0.179554