0 0.783702 0.332313 0.263581 0.129427
0 0.853119 0.466987 0.329980 0.134674
0 0.863179 0.588107 0.277666 0.102317
0 0.851107 0.703979 0.358149 0.131176
0 0.870221 0.832532 0.299799 0.125929
0 0.875252 0.920857 0.317907 0.050721
0 0.885312 1.000437 0.354125 0.111937
0 0.859155 1.112812 0.269618 0.077831
0 0.841046 1.225186 0.277666 0.125929
0 0.808853 1.347617 0.225352 0.129427
0 0.800805 1.467425 0.257545 0.090949
0 0.816901 1.559248 0.313883 0.103192
0 0.754527 1.637516 0.317907 0.060341
0 0.684105 1.728028 0.257545 0.117184