0 1.757166 0.210383 0.139535 0.154827
0 1.750135 0.367031 0.118983 0.100182
0 1.747972 0.513661 0.121147 0.134791
0 1.760952 0.710383 0.147107 0.165756
0 1.713359 0.891621 0.086533 0.154827
0 1.710114 1.082878 0.118983 0.165756
0 1.729584 1.268670 0.144943 0.151184
0 1.732829 1.444444 0.121147 0.131148
0 1.740941 1.584699 0.115738 0.102004
0 1.750676 1.727687 0.152515 0.154827
0 1.603029 0.159836 0.155760 0.168488
0 1.603029 0.352459 0.194700 0.194900
0 1.586804 0.528689 0.157923 0.170310
0 1.563548 0.739982 0.163332 0.168488
0 1.568956 0.900273 0.139535 0.159381
0 1.543537 1.056922 0.123310 0.117486
0 1.553272 1.260474 0.155760 0.171220
0 1.561925 1.438525 0.147107 0.126594
0 1.565170 1.604736 0.118983 0.131148
0 1.587885 1.764117 0.160087 0.176685
0 1.408870 0.163934 0.152515 0.185792
0 1.408329 0.346539 0.136290 0.117486
0 1.394267 0.510018 0.112493 0.123862
0 1.384532 0.706284 0.155760 0.192168
0 1.373716 0.887523 0.134127 0.146630
0 1.382369 1.058288 0.136290 0.153005
0 1.373716 1.240437 0.166577 0.183971
0 1.386696 1.428051 0.118983 0.123862
0 1.391563 1.591985 0.139535 0.111111
0 1.393186 1.785974 0.142780 0.140255
0 1.242834 0.194900 0.110330 0.145719
0 1.219037 0.374317 0.121147 0.153005
0 1.223364 0.535519 0.140617 0.143898
0 1.220119 0.685337 0.134127 0.137523
0 1.221201 0.871585 0.157923 0.154827
0 1.194159 1.049180 0.129800 0.163934
0 1.216874 1.212204 0.142780 0.154827
0 1.202812 1.417122 0.168740 0.145719
0 1.210384 1.613843 0.136290 0.160291
0 1.230936 1.783242 0.155760 0.153005
0 1.075176 0.202186 0.181720 0.204007
0 1.077339 0.382514 0.131963 0.134791
0 1.068686 0.701275 0.121147 0.120219
0 1.045430 0.870674 0.137372 0.163934
0 1.052461 1.058288 0.118983 0.131148
0 1.054624 1.229964 0.123310 0.157559
0 1.042726 1.416211 0.131963 0.154827
0 1.045430 1.585610 0.115738 0.142077
0 1.043807 1.763661 0.134127 0.179417
0 0.896701 0.191257 0.192537 0.196721
0 0.904813 0.371585 0.102758 0.156648
0 0.912385 0.535519 0.150352 0.153005
0 0.907518 0.727687 0.136290 0.183971
0 0.894538 0.908925 0.129800 0.145719
0 0.886425 1.064663 0.150352 0.154827
0 0.900487 1.240437 0.163332 0.189435
0 0.878313 1.428962 0.134127 0.140255
0 0.871823 1.605191 0.112493 0.137523
0 0.876149 1.787796 0.155760 0.151184
0 0.717144 0.154827 0.123310 0.145719
0 0.718226 0.346995 0.134127 0.134791
0 0.729584 0.504098 0.152515 0.126594
0 0.725798 0.693534 0.144943 0.188525
0 0.747431 0.893443 0.166577 0.154827
0 0.731747 1.086521 0.152515 0.191257
0 0.728502 1.265027 0.150352 0.140255
0 0.721471 1.418944 0.162250 0.154827
0 0.716063 1.599271 0.147107 0.160291
0 0.702001 1.773224 0.196863 0.167577
0 0.548945 0.158470 0.150352 0.162113
0 0.554895 0.356102 0.170903 0.202186
0 0.569497 0.550091 0.126555 0.142077
0 0.571120 0.712659 0.147107 0.157559
0 0.571120 0.882058 0.147107 0.157559
0 0.552731 1.053279 0.168740 0.177596
0 0.570038 1.230874 0.144943 0.137523
0 0.541915 1.408925 0.136290 0.153005
0 0.526230 1.584699 0.126555 0.140255
0 0.507301 1.781421 0.181720 0.174863
0 0.363981 0.137523 0.152515 0.151184
0 0.389400 0.346084 0.155760 0.173042
0 0.393726 0.515027 0.160087 0.126594
0 0.393726 0.710383 0.144943 0.200364
0 0.396971 0.916211 0.170903 0.196721
0 0.392104 1.081056 0.152515 0.143898
0 0.398594 1.259563 0.187128 0.191257
0 0.358031 1.421676 0.147107 0.120219
0 0.355868 1.571949 0.183883 0.185792
0 0.311520 1.775956 0.155760 0.173042
0 0.202271 0.215847 0.147107 0.173042
0 0.202271 0.396175 0.131963 0.162113
0 0.217956 0.536885 0.163332 0.133880
0 0.229313 0.703097 0.142780 0.160291
0 0.229313 0.882058 0.173067 0.168488
0 0.233099 1.067395 0.139535 0.143898
0 0.215792 1.241803 0.163332 0.168488
0 0.201190 1.398907 0.134127 0.109290
0 0.151974 1.578324 0.187128 0.154827
0 0.140076 1.754098 0.176312 0.163934