0 0.494772 0.315695 0.035132 0.047193
0 0.501673 0.375760 0.031368 0.040758
0 0.504182 0.441723 0.038896 0.043976
0 0.502300 0.515195 0.032622 0.049339
0 0.433919 0.318377 0.038896 0.048266
0 0.428273 0.374151 0.035132 0.046121
0 0.430155 0.440114 0.041405 0.053629
0 0.427018 0.508759 0.042660 0.049339
0 0.758051 0.795495 0.046424 0.049339
0 0.712254 0.630854 0.040151 0.052556
0 0.196989 0.620665 0.040151 0.049339
0 0.181305 0.672685 0.043915 0.056847
0 0.176286 0.757955 0.051443 0.072935
0 0.131117 0.621201 0.056462 0.050411
0 0.127980 0.681802 0.050188 0.060064
0 0.122961 0.741866 0.047679 0.045048
0 0.121079 0.806757 0.046424 0.069718