0 0.615136 0.283280 0.046141 0.042254
0 0.619664 0.329396 0.042260 0.053612
0 0.620742 0.382553 0.052178 0.054521
0 0.626563 0.433894 0.044847 0.047251
0 0.635403 0.496365 0.059940 0.078601
0 0.641225 0.571331 0.057784 0.057701
0 0.643812 0.630622 0.058646 0.060881
0 0.633894 0.699909 0.078482 0.078601
0 0.554334 0.284871 0.052178 0.069968
0 0.552178 0.343707 0.046141 0.049523
0 0.550022 0.408678 0.054765 0.072240
0 0.550022 0.481372 0.060802 0.063153
0 0.550668 0.530895 0.056921 0.041345
0 0.549806 0.585416 0.072445 0.064062
0 0.543122 0.632894 0.033204 0.043617
0 0.541613 0.688096 0.063821 0.073149
0 0.473911 0.290550 0.051746 0.070423
0 0.474774 0.353930 0.042260 0.054521
0 0.473480 0.401408 0.058646 0.048614
0 0.481242 0.460245 0.062958 0.068151
0 0.466365 0.526579 0.072876 0.064516
0 0.470030 0.600636 0.063821 0.081781
0 0.466365 0.684007 0.068564 0.087687
0 0.398232 0.294639 0.077188 0.099500
0 0.392626 0.406406 0.077188 0.114948
0 0.383139 0.599273 0.060802 0.069060
0 0.371712 0.664016 0.065545 0.047706