0 1.587689 0.403777 0.150987 0.181655
0 1.609756 0.572842 0.185830 0.163669
0 1.615563 0.739209 0.155633 0.179856
0 1.634146 0.904676 0.178862 0.151079
0 1.609756 1.072842 0.125436 0.131295
0 1.609756 1.239209 0.130081 0.161871
0 1.612660 1.413669 0.145180 0.165468
0 1.627178 1.760791 0.171893 0.181655
0 1.425087 0.401529 0.132404 0.168165
0 1.433217 0.576439 0.134727 0.174460
0 1.425668 0.758993 0.177700 0.190647
0 1.425087 0.929856 0.188153 0.163669
0 1.416957 1.089029 0.171893 0.138489
0 1.418118 1.252698 0.155633 0.152878
0 1.429733 1.397032 0.155633 0.135791
0 1.420441 1.522932 0.123113 0.114209
0 1.430894 1.650180 0.164925 0.142086
0 1.421603 1.789568 0.190476 0.118705
0 1.243902 0.397482 0.169570 0.176259
0 1.225319 0.579137 0.160279 0.163669
0 1.236934 0.749101 0.181185 0.167266
0 1.231127 0.927158 0.185830 0.205036
0 1.227642 1.095324 0.141696 0.142086
0 1.222416 1.267986 0.177700 0.210432
0 1.236934 1.446942 0.183508 0.165468
0 1.238095 1.607014 0.134727 0.170863
0 1.233449 1.764388 0.167247 0.156475
0 1.061556 0.385342 0.181185 0.135791
0 1.048200 0.544065 0.177700 0.163669
0 1.047619 0.870953 0.169570 0.159173
0 1.049942 1.024281 0.162602 0.133094
0 1.054007 1.169964 0.175377 0.158273
0 1.042973 1.332284 0.130081 0.175360
0 1.058072 1.501799 0.150987 0.129496
0 1.056911 1.626799 0.195122 0.133094
0 1.055749 1.773381 0.137050 0.158273
0 0.857724 0.397482 0.166086 0.169065
0 0.847851 0.583633 0.171893 0.192446
0 0.846690 0.748201 0.148664 0.143885
0 0.857143 0.875000 0.120790 0.095324
0 0.855981 1.312950 0.118467 0.061151
0 0.858304 1.431655 0.167247 0.183453
0 0.867596 1.591727 0.099884 0.147482
0 0.864111 1.771583 0.141696 0.151079
0 0.682346 0.391637 0.166086 0.135791
0 0.682346 0.552158 0.175377 0.169065
0 0.666667 0.739209 0.195122 0.183453
0 0.663763 0.933004 0.175377 0.207734
0 0.660859 1.118705 0.160279 0.158273
0 0.681765 1.249101 0.169570 0.138489
0 0.658537 1.421763 0.109175 0.163669
0 0.664344 1.598921 0.185830 0.156475
0 0.668990 1.760342 0.174216 0.135791
0 0.488966 0.414568 0.164925 0.170863
0 0.491289 0.574191 0.150987 0.159173
0 0.485482 0.741906 0.174216 0.156475
0 0.479675 0.877698 0.150987 0.104317
0 0.479675 1.054856 0.185830 0.253597
0 0.471545 1.263040 0.167247 0.171763
0 0.468060 1.430755 0.169570 0.167266
0 0.465157 1.607014 0.186992 0.181655
0 0.481998 1.772482 0.167247 0.138489