0 0.813613 0.273143 0.138504 0.142476
0 0.824100 0.408952 0.121488 0.108571
0 0.826474 0.533524 0.112782 0.107810
0 0.820538 0.670095 0.137317 0.130286
0 0.817966 0.821905 0.132173 0.113905
0 0.679264 0.252762 0.115948 0.135238
0 0.687376 0.416190 0.120301 0.143619
0 0.682034 0.562857 0.152355 0.143619
0 0.688168 0.676000 0.089434 0.093333
0 0.685793 0.821333 0.108429 0.166095
0 0.557182 0.247619 0.098140 0.128000
0 0.553225 0.420952 0.135338 0.175238
0 0.536803 0.577143 0.140483 0.127238
0 0.543530 0.701714 0.118322 0.124190
0 0.550653 0.828381 0.146814 0.149714
0 0.408785 0.259619 0.138504 0.171048
0 0.410764 0.423238 0.132964 0.139429
0 0.409972 0.508190 0.042738 0.048000
0 0.412347 0.577714 0.107638 0.084952
0 0.420063 0.705143 0.096953 0.147810
0 0.426593 0.832190 0.105263 0.111619
0 0.276019 0.215238 0.121488 0.053333
0 0.268698 0.309333 0.101306 0.128000
0 0.272260 0.437524 0.120301 0.134476
0 0.287693 0.586857 0.083102 0.113905
0 0.297388 0.708762 0.122279 0.126095
0 0.292442 0.830476 0.101306 0.121143
0 0.148595 0.267238 0.115948 0.113905
0 0.143649 0.434095 0.129798 0.167238
0 0.157697 0.586857 0.149189 0.146667