0 0.675529 0.255398 0.137842 0.130904
0 0.676820 0.379386 0.103252 0.090081
0 0.695405 0.525304 0.179659 0.159244
0 0.687919 0.642544 0.110996 0.086707
0 0.700310 0.738529 0.155395 0.117409
0 0.514972 0.253543 0.155395 0.131916
0 0.520909 0.411437 0.167269 0.160931
0 0.498967 0.563259 0.113061 0.148111
0 0.536138 0.737686 0.152297 0.135290
0 0.351058 0.266363 0.128033 0.148111
0 0.338410 0.400304 0.118224 0.102901
0 0.320857 0.517544 0.177078 0.104588
0 0.317243 0.639170 0.150232 0.119096
0 0.331182 0.754723 0.157460 0.104588