0 0.852418 0.125941 0.105903 0.061646
0 0.864877 0.194282 0.095224 0.068340
0 0.869623 0.292329 0.076239 0.132218
0 0.885642 0.446304 0.094037 0.155649
0 0.891575 0.621199 0.089291 0.122176
0 0.895728 0.750070 0.088104 0.128870
0 0.891575 0.859833 0.089291 0.108508
0 0.788638 0.269456 0.090478 0.108787
0 0.805251 0.346025 0.080985 0.069456
0 0.802284 0.425244 0.101157 0.090656
0 0.802284 0.526499 0.094037 0.131939
0 0.806437 0.662762 0.090478 0.108787
0 0.808810 0.764435 0.078612 0.122455
0 0.690448 0.181032 0.110650 0.122176
0 0.698161 0.298605 0.095224 0.090656
0 0.702462 0.397211 0.113319 0.119944
0 0.715366 0.534449 0.091664 0.158996
0 0.723673 0.669456 0.084545 0.144491
0 0.594927 0.197768 0.089291 0.124407
0 0.592554 0.308647 0.108276 0.092887
0 0.597301 0.421478 0.096411 0.133333
0 0.602640 0.555927 0.099970 0.126639
0 0.618956 0.696234 0.094037 0.144491
0 0.610501 0.820084 0.118066 0.114365
0 0.482053 0.225105 0.122812 0.154533
0 0.494512 0.380753 0.114506 0.154533
0 0.499703 0.538773 0.105903 0.186053
0 0.496885 0.806555 0.116879 0.186053
0 0.300208 0.265551 0.112133 0.150070
0 0.309107 0.440725 0.144171 0.166806
0 0.318007 0.602789 0.159597 0.138912
0 0.321863 0.766527 0.119252 0.131102
0 0.194304 0.234589 0.126372 0.131102
0 0.186295 0.356764 0.119252 0.108787
0 0.191338 0.492608 0.125185 0.141144
0 0.183032 0.650907 0.139425 0.174895
0 0.194304 0.792748 0.123999 0.119944