0 0.860661 0.144806 0.050474 0.060360
0 0.864943 0.201973 0.045580 0.051074
0 0.873050 0.268572 0.055675 0.085026
0 0.866473 0.336622 0.045580 0.051074
0 0.866626 0.399158 0.048945 0.052525
0 0.872285 0.470546 0.057204 0.068195
0 0.869838 0.533227 0.042521 0.066454
0 0.872285 0.591991 0.040685 0.051074
0 0.871520 0.651625 0.068522 0.061811
0 0.866626 0.717353 0.048945 0.060360
0 0.868920 0.782501 0.050474 0.057168
0 0.862955 0.851422 0.052615 0.067905
0 0.804374 0.133053 0.071887 0.077481
0 0.809422 0.205020 0.065463 0.075740
0 0.809269 0.272345 0.052310 0.068195
0 0.809422 0.334446 0.045886 0.052525
0 0.810340 0.392049 0.047721 0.055136
0 0.809422 0.460534 0.065463 0.072548
0 0.803610 0.527858 0.073417 0.065003
0 0.808504 0.593587 0.060569 0.066454
0 0.802845 0.654672 0.062099 0.065003
0 0.803610 0.720400 0.050780 0.066454
0 0.806975 0.789466 0.053839 0.080383
0 0.809116 0.859837 0.056286 0.078932
0 0.750535 0.131457 0.045580 0.055717
0 0.755430 0.196605 0.042521 0.058909
0 0.750841 0.259286 0.044968 0.063552
0 0.752218 0.319646 0.045886 0.044980
0 0.748088 0.383053 0.047415 0.069646
0 0.748088 0.455891 0.040685 0.048172
0 0.731875 0.518572 0.057204 0.062101
0 0.736617 0.588944 0.044050 0.066454
0 0.734169 0.651770 0.058734 0.065003
0 0.741664 0.713581 0.037626 0.043529
0 0.743347 0.784098 0.053839 0.069646
0 0.738605 0.859257 0.053533 0.077771
0 0.702508 0.127684 0.047415 0.053976
0 0.695931 0.198056 0.070358 0.077481
0 0.694249 0.272345 0.050474 0.068195
0 0.699143 0.326611 0.047415 0.052525
0 0.692719 0.380006 0.040685 0.054266
0 0.695167 0.456616 0.074946 0.077481
0 0.682931 0.524086 0.047415 0.069646
0 0.674671 0.588218 0.040685 0.058619
0 0.675589 0.647853 0.045580 0.054266
0 0.664882 0.715177 0.060263 0.074579
0 0.674824 0.780905 0.053839 0.066744
0 0.684460 0.835897 0.040685 0.049623
0 0.629856 0.134794 0.052004 0.068195
0 0.635668 0.197330 0.053839 0.060360
0 0.636280 0.253918 0.039156 0.046431
0 0.631539 0.323564 0.062099 0.071387
0 0.630774 0.382327 0.044050 0.058909
0 0.635668 0.445009 0.053839 0.066454
0 0.631386 0.517702 0.058734 0.078932
0 0.625727 0.590540 0.057204 0.078932
0 0.612726 0.665554 0.050780 0.071097
0 0.614408 0.723738 0.050474 0.060360
0 0.620832 0.783227 0.066993 0.065003
0 0.624197 0.843006 0.047415 0.060360
0 0.560569 0.126959 0.057204 0.061811
0 0.562251 0.183401 0.044050 0.041788
0 0.565463 0.257835 0.070052 0.072838
0 0.554757 0.327481 0.055369 0.072838
0 0.563781 0.390163 0.066687 0.068195
0 0.571123 0.454295 0.075252 0.072838
0 0.562099 0.517702 0.037626 0.060360
0 0.553992 0.580528 0.056898 0.058909
0 0.554910 0.713581 0.058734 0.074289
0 0.555675 0.770168 0.040685 0.048172
0 0.556439 0.832850 0.085041 0.065003
0 0.485623 0.120720 0.047415 0.046431
0 0.488987 0.189930 0.049862 0.061230
0 0.490364 0.256965 0.063628 0.080383
0 0.495258 0.320952 0.066687 0.060940
0 0.496023 0.383198 0.065158 0.066454
0 0.491894 0.457487 0.063628 0.085026
0 0.496941 0.525537 0.050474 0.057458
0 0.488682 0.586622 0.060263 0.058909
0 0.495258 0.650174 0.053839 0.071097
0 0.496176 0.719820 0.029367 0.061811
0 0.492811 0.774086 0.058734 0.058909
0 0.476445 0.842861 0.074946 0.085026
0 0.414500 0.128410 0.052004 0.071097
0 0.421077 0.189640 0.065158 0.063552
0 0.423371 0.256239 0.073417 0.076030
0 0.413582 0.315873 0.044050 0.043239
0 0.421842 0.371590 0.044050 0.040337
0 0.434078 0.445009 0.039156 0.057168
0 0.433160 0.514800 0.044050 0.060360
0 0.432395 0.584301 0.055369 0.066454
0 0.442184 0.650029 0.055369 0.065003
0 0.434995 0.711259 0.063628 0.063262
0 0.416182 0.771619 0.065158 0.060360
0 0.410523 0.834446 0.053839 0.068195
0 0.341848 0.256965 0.050474 0.052525
0 0.343530 0.319646 0.044050 0.057168
0 0.346742 0.370720 0.050474 0.047882
0 0.349342 0.445009 0.068522 0.054266
0 0.369685 0.519298 0.057204 0.075740
0 0.363108 0.588218 0.060569 0.058619
0 0.368002 0.649304 0.050780 0.072838
0 0.369685 0.708938 0.037626 0.043529
0 0.359131 0.760012 0.048945 0.046431
0 0.281585 0.114481 0.070052 0.071097
0 0.279749 0.180354 0.057204 0.066454
0 0.282196 0.246228 0.052310 0.058909
0 0.285561 0.313407 0.045580 0.069646
0 0.284797 0.389437 0.050780 0.069646
0 0.278220 0.449652 0.063934 0.047882
0 0.279749 0.516976 0.047415 0.071097
0 0.283114 0.583720 0.047415 0.068195
0 0.280667 0.641323 0.035791 0.060940
0 0.288009 0.699652 0.047415 0.055717
0 0.295350 0.769153 0.052310 0.071097
0 0.261089 0.830673 0.052310 0.047882
0 0.218721 0.107661 0.048945 0.060360
0 0.219333 0.163233 0.053839 0.057168
0 0.214592 0.246953 0.070052 0.085316
0 0.209697 0.318920 0.050474 0.058619
0 0.213674 0.394806 0.062099 0.077481
0 0.207250 0.455891 0.045580 0.051074
0 0.213674 0.527858 0.055369 0.062101
0 0.218568 0.594457 0.042521 0.061811
0 0.220251 0.643935 0.058734 0.046431
0 0.219486 0.712855 0.060263 0.057168
0 0.213827 0.775537 0.048945 0.056007
0 0.209238 0.837348 0.051392 0.076901
0 0.155858 0.098375 0.050474 0.060360
0 0.142704 0.167876 0.070052 0.075740
0 0.146834 0.319646 0.075252 0.072838
0 0.128939 0.462130 0.062099 0.066454
0 0.146069 0.528729 0.047415 0.069646
0 0.153411 0.585171 0.035791 0.049623
0 0.154176 0.649449 0.037320 0.051074
0 0.148363 0.711259 0.048945 0.048172
0 0.150964 0.766251 0.047415 0.056007
0 0.154176 0.809634 0.044050 0.027858
0 0.155093 0.853743 0.048945 0.069646
0 0.083206 0.203569 0.048945 0.063552
0 0.077547 0.262333 0.037626 0.060360
0 0.076170 0.327336 0.067299 0.072548
0 0.073417 0.388566 0.055675 0.049333
0 0.073417 0.451393 0.048945 0.054266
0 0.074182 0.520168 0.073111 0.071097
0 0.081523 0.578932 0.032732 0.052815
0 0.072652 0.626233 0.050474 0.051074
0 0.070205 0.674840 0.032732 0.033952
0 0.074182 0.719820 0.040685 0.061811
0 0.072652 0.776262 0.037626 0.053976
0 0.086112 0.842136 0.065769 0.086477