0 0.336648 0.605719 0.167614 0.133449
0 0.361506 0.759965 0.143466 0.105719
0 0.360085 0.935009 0.140625 0.133449
0 0.365057 1.089255 0.127841 0.126516
0 0.358665 1.191075 0.103693 0.063258
0 0.367188 1.272964 0.143466 0.103986
0 0.382102 1.401213 0.130682 0.119584
0 0.368608 1.545927 0.146307 0.124783
0 0.416193 1.677210 0.150568 0.134315
0 0.522727 0.573657 0.136364 0.121317
0 0.550426 0.707972 0.143466 0.136915
0 0.554688 0.847487 0.103693 0.091854
0 0.548295 0.981802 0.119318 0.097054
0 0.566761 1.105286 0.150568 0.113518
0 0.563920 1.259099 0.133523 0.145581
0 0.571023 1.407279 0.125000 0.103986
0 0.578125 1.534662 0.127841 0.135182
0 0.593040 1.681109 0.143466 0.117851
0 0.713778 0.572790 0.143466 0.119584
0 0.734375 0.717938 0.116477 0.142981
0 0.725852 0.863951 0.139205 0.136915
0 0.725852 1.000867 0.159091 0.116118
0 0.730114 1.154246 0.130682 0.131716
0 0.739347 1.284229 0.149148 0.110919
0 0.744318 1.422877 0.136364 0.097054
0 0.757812 1.538128 0.188920 0.124783
0 0.754261 1.670711 0.161932 0.147314
0 0.900568 0.568024 0.161932 0.116984
0 0.919034 0.682842 0.116477 0.083189
0 0.921875 0.844021 0.139205 0.145581
0 0.947443 0.993068 0.173295 0.107452
0 0.939631 1.117851 0.188920 0.119584
0 0.940341 1.252600 0.193182 0.139515
0 0.938920 1.421144 0.156250 0.131716
0 0.946023 1.574090 0.142045 0.139515
0 0.934659 1.711005 0.139205 0.111785
0 1.089489 0.593588 0.150568 0.187175
0 1.103693 0.818891 0.164773 0.161179
0 1.143466 1.028163 0.173295 0.139515
0 1.143466 1.208839 0.173295 0.149047
0 1.126420 1.365685 0.139205 0.124783
0 1.116477 1.502600 0.136364 0.131716
0 1.132102 1.599653 0.127841 0.074523
0 1.157670 1.684575 0.122159 0.081456