0 1.576577 0.160275 0.202703 0.190757
0 1.613739 0.395280 0.193694 0.204523
0 1.626689 0.632743 0.212838 0.148476
0 1.655968 0.964110 0.212838 0.252704
0 1.679054 1.306293 0.231982 0.250737
0 1.680180 1.683382 0.207207 0.165192
0 1.292793 0.200590 0.252252 0.271386
0 1.334459 0.481809 0.240991 0.216323
0 1.333896 0.762537 0.212838 0.250737
0 1.367680 1.104228 0.257883 0.310718
0 1.381757 1.344641 0.150901 0.122911
0 1.365428 1.506391 0.228604 0.180924
0 1.399775 1.755162 0.238739 0.267453
0 0.957207 0.172075 0.193694 0.208456
0 0.985360 0.397247 0.277027 0.192724
0 1.037162 0.727630 0.263514 0.235988
0 1.024212 1.035890 0.289414 0.303835
0 1.051239 1.423795 0.332207 0.294985
0 1.059122 1.744346 0.302928 0.318584
0 0.702703 0.150442 0.236486 0.194690
0 0.712838 0.376598 0.222973 0.169125
0 0.692568 0.729597 0.299550 0.383481
0 0.708896 1.188791 0.302928 0.411013
0 0.736486 1.675516 0.292793 0.338250
0 0.398649 0.154376 0.265766 0.206490
0 0.387950 0.384464 0.217342 0.167158
0 0.386261 0.620452 0.240991 0.241888
0 0.373874 0.905605 0.270270 0.269420
0 0.354167 1.215339 0.244369 0.232055
0 0.384572 1.531465 0.212838 0.213373
0 0.399775 1.813668 0.193694 0.213373