0 0.674499 0.547364 0.048536 0.050582
0 0.681818 0.589362 0.033128 0.033415
0 0.685285 0.633200 0.028505 0.027284
0 0.688945 0.677958 0.034284 0.042612
0 0.633667 0.553035 0.037750 0.038627
0 0.635401 0.597486 0.049692 0.035561
0 0.637904 0.630288 0.034669 0.024525
0 0.647342 0.681790 0.044299 0.056407
0 0.589368 0.555487 0.034669 0.031882
0 0.594183 0.593654 0.026579 0.031576
0 0.588983 0.633967 0.043143 0.038013
0 0.595724 0.673820 0.033513 0.034335
0 0.544106 0.560852 0.044299 0.050582
0 0.539099 0.610822 0.053544 0.046904
0 0.536017 0.652361 0.028891 0.022685
0 0.539484 0.681024 0.039676 0.031576