0 0.849089 0.226762 0.088465 0.175689
0 0.854293 0.359551 0.081526 0.106231
0 0.857762 0.518897 0.088465 0.179775
0 0.859497 0.704801 0.091934 0.224719
0 0.749350 0.257406 0.107546 0.196118
0 0.751084 0.441267 0.097138 0.196118
0 0.751951 0.576098 0.088465 0.089888
0 0.756288 0.719101 0.093669 0.204290
0 0.645273 0.239019 0.076323 0.159346
0 0.650477 0.580184 0.079792 0.212462
0 0.659150 0.753830 0.093669 0.151175
0 0.554206 0.251277 0.088465 0.183861
0 0.561145 0.404494 0.071119 0.114402
0 0.560278 0.545455 0.083261 0.175689
0 0.563747 0.729316 0.086730 0.183861
0 0.462272 0.281920 0.091934 0.261491
0 0.470078 0.469867 0.093669 0.122574
0 0.469211 0.586313 0.053773 0.126660
0 0.468343 0.739530 0.086730 0.187947
0 0.366002 0.249234 0.086730 0.147089
0 0.373807 0.390194 0.084996 0.134831
0 0.369471 0.614913 0.090199 0.314607
0 0.274935 0.247191 0.088465 0.151175
0 0.274068 0.400409 0.079792 0.122574
0 0.279271 0.545455 0.097138 0.200204
0 0.278404 0.725230 0.091934 0.167518
0 0.178664 0.251277 0.107546 0.175689
0 0.178664 0.404494 0.090199 0.163432
0 0.182134 0.547497 0.093669 0.147089
0 0.178664 0.733401 0.100607 0.249234