0 0.757919 0.174113 0.153200 0.128369
0 0.761474 0.310284 0.171946 0.132624
0 0.779250 0.430851 0.168714 0.105674
0 0.783775 0.542553 0.137686 0.101418
0 0.789593 0.667553 0.132515 0.159929
0 0.808985 0.807447 0.098901 0.100000
0 0.600840 0.283865 0.166128 0.079787
0 0.611183 0.370390 0.129929 0.084043
0 0.622818 0.468617 0.137686 0.084043
0 0.642211 0.610461 0.083387 0.065603
0 0.655139 0.689007 0.166128 0.100000
0 0.682935 0.812411 0.163542 0.132624
0 0.439560 0.229787 0.166774 0.190780
0 0.482547 0.435284 0.137686 0.085461
0 0.503232 0.554433 0.137686 0.092553
0 0.518746 0.687589 0.137686 0.122695
0 0.544602 0.823759 0.127343 0.132624
0 0.284745 0.212411 0.132515 0.119858
0 0.319651 0.334397 0.140271 0.107092
0 0.346154 0.440071 0.155785 0.107092
0 0.359082 0.563475 0.145443 0.136879
0 0.370718 0.674113 0.137686 0.095745
0 0.400452 0.825887 0.166128 0.097163