0 0.627601 0.196975 0.072122 0.116254
0 0.616505 0.338192 0.062413 0.126822
0 0.615811 0.480138 0.076283 0.122813
0 0.605756 0.614249 0.075589 0.106778
0 0.611304 0.749453 0.064494 0.093659
0 0.519071 0.200802 0.070042 0.121720
0 0.514910 0.335277 0.078363 0.111516
0 0.513176 0.487063 0.077670 0.123542
0 0.505201 0.627733 0.076976 0.115525
0 0.514563 0.765671 0.070735 0.123178
0 0.410888 0.199891 0.074202 0.131560
0 0.409154 0.342566 0.076283 0.114431
0 0.412621 0.493258 0.070735 0.126458
0 0.405340 0.630831 0.081137 0.113703
0 0.413662 0.772413 0.079750 0.123542
0 0.313800 0.198615 0.092233 0.139213
0 0.301318 0.348761 0.072816 0.125364
0 0.307559 0.480321 0.070042 0.100583