0 0.769784 0.172387 0.153477 0.162154
0 0.761631 0.311083 0.142926 0.122166
0 0.743885 0.438917 0.117986 0.125945
0 0.727338 0.576511 0.194245 0.134761
0 0.711031 0.703243 0.123261 0.104219
0 0.706954 0.842569 0.147722 0.109572
0 0.487290 0.173961 0.184173 0.196788
0 0.461631 0.338948 0.210552 0.142003
0 0.455156 0.500787 0.174580 0.137594
0 0.447962 0.675378 0.205276 0.199622
0 0.210791 0.153810 0.180815 0.142003
0 0.209592 0.366341 0.172662 0.200567
0 0.197362 0.590995 0.186571 0.134761
0 0.200480 0.732840 0.191847 0.138854