0 0.410355 1.016152 0.066461 0.130618
0 0.407264 1.146067 0.066461 0.123596
0 0.406491 1.238764 0.049459 0.067416
0 0.410355 1.328652 0.061824 0.095506
0 0.538640 1.062500 0.078825 0.178371
0 0.537867 1.206461 0.077280 0.095506
0 0.552550 1.328652 0.066461 0.089888
0 0.647604 1.066011 0.092736 0.185393
0 0.648377 1.203652 0.069552 0.089888
0 0.645286 1.331461 0.068006 0.117978
0 0.739954 1.056180 0.071870 0.168539
0 0.742658 1.188904 0.066461 0.105337
0 0.742658 1.329354 0.085008 0.169944
0 0.828825 1.052669 0.084235 0.178371
0 0.829598 1.186096 0.070325 0.105337
0 0.826121 1.318118 0.051005 0.082865
0 0.917311 1.040730 0.075734 0.179775
0 0.920788 1.178371 0.070325 0.109551
0 0.926584 1.318118 0.064915 0.130618
0 0.993045 1.017556 0.072643 0.175562
0 1.000000 1.164326 0.074189 0.109551
0 1.012365 1.304775 0.075734 0.126404