0 1.666667 0.313803 0.240741 0.238332
0 1.665123 0.530288 0.169753 0.148957
0 1.671296 0.729891 0.188272 0.194638
0 1.656636 0.942403 0.211420 0.188679
0 1.657407 1.182721 0.246914 0.180735
0 1.660494 1.413605 0.259259 0.275074
0 1.665123 1.630089 0.228395 0.145978
0 1.435957 0.311817 0.211420 0.202582
0 1.435185 0.532274 0.216049 0.218471
0 1.427469 0.735849 0.243827 0.208540
0 1.438272 0.944389 0.185185 0.174777
0 1.425926 1.178252 0.203704 0.203575
0 1.433642 1.391261 0.175926 0.192651
0 1.429784 1.607746 0.236111 0.180735
0 1.209105 0.285998 0.195988 0.180735
0 1.216049 0.490566 0.216049 0.202582
0 1.212963 0.715492 0.228395 0.199603
0 1.217593 0.958788 0.228395 0.265144
0 1.219136 1.263158 0.234568 0.325720
0 1.212191 1.554618 0.208333 0.161867
0 0.978395 0.276564 0.185185 0.161867
0 0.971451 0.474677 0.208333 0.242304
0 0.980710 0.738828 0.251543 0.142999
0 0.987654 0.938431 0.197531 0.196624
0 0.984568 1.153923 0.246914 0.206554
0 0.969907 1.373386 0.223765 0.196624
0 0.973765 1.579940 0.256173 0.212512
0 0.753086 0.278054 0.160494 0.158888
0 0.763889 0.464747 0.188272 0.174777
0 0.752315 0.727905 0.248457 0.216485
0 0.752315 0.937934 0.195988 0.195631
0 0.753086 1.146971 0.203704 0.158888
0 0.744599 1.364449 0.248457 0.230387
0 0.743827 1.596822 0.216049 0.202582
0 0.530093 0.197617 0.236111 0.049652
0 0.537037 0.299901 0.253086 0.162860
0 0.535494 0.474677 0.246914 0.162860
0 0.527778 0.711023 0.191358 0.194638
0 0.532407 0.950348 0.188272 0.234359
0 0.537037 1.156902 0.228395 0.146971
0 0.524691 1.374876 0.169753 0.195631
0 0.521605 1.585899 0.185185 0.184707
0 0.307099 0.277061 0.228395 0.210526
0 0.315586 0.479643 0.183642 0.186693
0 0.310185 0.726415 0.203704 0.187686
0 0.305556 0.954320 0.216049 0.200596
0 0.304012 1.146971 0.212963 0.166832
0 0.305556 1.357498 0.188272 0.192651
0 0.289352 1.586892 0.211420 0.206554