0 1.040000 0.159664 0.266667 0.082166
0 1.037778 0.228758 0.173333 0.072829
0 1.035556 0.308123 0.177778 0.063492
0 1.026667 0.379552 0.168889 0.064426
0 1.026667 0.458450 0.222222 0.076564
0 0.993333 0.554155 0.195556 0.073763
0 1.025556 0.662932 0.237778 0.104575
0 0.995556 0.763772 0.182222 0.074697
0 1.000000 0.810458 0.142222 0.037348
0 1.000000 0.855275 0.168889 0.063492
0 1.002222 0.892624 0.164444 0.028011
0 1.003333 0.939776 0.153333 0.064426
0 1.022222 0.998599 0.204444 0.055089
0 1.022222 1.057890 0.186667 0.076564
0 1.011111 1.138189 0.191111 0.091503
0 0.997778 1.192810 0.182222 0.028945
0 1.020000 1.262838 0.226667 0.090570
0 1.005556 1.332866 0.162222 0.064426
0 1.011111 1.389356 0.164444 0.052288
0 1.013333 1.451447 0.142222 0.075630
0 1.008889 1.522876 0.120000 0.069094
0 1.000000 1.595238 0.195556 0.086835
0 0.990000 1.692810 0.184444 0.082166
0 1.013333 1.774043 0.195556 0.063492
0 1.003333 1.848739 0.215556 0.070962