0 0.655269 0.606223 0.081091 0.062808
0 0.657885 0.674096 0.081091 0.071201
0 0.663864 0.749059 0.079596 0.059045
0 0.670030 0.819682 0.091928 0.050941
0 0.578288 0.595803 0.066143 0.036758
0 0.583333 0.662808 0.062780 0.083936
0 0.507661 0.604920 0.056428 0.045731
0 0.504484 0.659045 0.059043 0.045152
0 0.505045 0.705644 0.047459 0.054993
0 0.510090 0.754993 0.058296 0.041389
0 0.515882 0.822142 0.062407 0.063386
0 0.437033 0.603329 0.035501 0.051230
0 0.439462 0.657742 0.056801 0.036179
0 0.445254 0.705644 0.066891 0.071201