0 1.597884 0.292118 0.282187 0.221675
0 1.555556 0.521182 0.261023 0.226601
0 1.539683 0.777833 0.278660 0.196059
0 1.514109 1.066995 0.312169 0.206897
0 1.564374 1.320690 0.215168 0.221675
0 1.554674 1.604926 0.312169 0.216749
0 1.195767 0.232512 0.261023 0.171429
0 1.167549 0.475862 0.310406 0.238424
0 1.170194 1.085714 0.241623 0.161576
0 1.190476 1.367488 0.275132 0.197044
0 1.194004 1.600985 0.320988 0.246305
0 0.735450 0.293596 0.282187 0.177340
0 0.723104 0.517241 0.253968 0.226601
0 0.737213 0.711823 0.169312 0.146798
0 0.770723 0.915271 0.278660 0.187192
0 0.791887 1.156650 0.215168 0.252217
0 0.781305 1.378818 0.229277 0.174384
0 0.791887 1.618719 0.243386 0.240394
0 0.368607 0.283744 0.261023 0.116256
0 0.345679 0.469458 0.306878 0.253202
0 0.325397 0.811823 0.259259 0.262069
0 0.366843 1.114286 0.282187 0.226601
0 0.365079 1.378325 0.285714 0.271921
0 0.373898 1.648276 0.264550 0.177340