0 0.363901 0.581514 0.033479 0.043668
0 0.364629 0.525837 0.034934 0.057496
0 0.365721 0.460335 0.037118 0.060408
0 0.363537 0.391557 0.037118 0.056769
0 0.406477 0.363901 0.054585 0.037846
0 0.458879 0.365357 0.050218 0.037846
0 0.517103 0.363537 0.063319 0.035662
0 0.589156 0.366084 0.057496 0.033479
0 0.635371 0.418486 0.037846 0.056769
0 0.636463 0.481441 0.040029 0.063319
0 0.638282 0.545124 0.040757 0.062591
0 0.636099 0.599345 0.037846 0.048763
0 0.609534 0.644833 0.066230 0.040757
0 0.537846 0.646288 0.065502 0.039301
0 0.445779 0.642649 0.085153 0.037846