0 0.474589 0.228962 0.089775 0.209677
0 0.479610 0.379909 0.079732 0.113254
0 0.480219 0.493163 0.080949 0.127980
0 0.469416 0.586080 0.067255 0.077489
0 0.401552 0.230891 0.080645 0.213534
0 0.395922 0.453366 0.083993 0.219495
0 0.390901 0.602209 0.067255 0.090813
0 0.385575 0.717567 0.094340 0.153927
0 0.322885 0.224930 0.093122 0.237377
0 0.327754 0.394635 0.069385 0.090813
0 0.320450 0.514727 0.069385 0.122721
0 0.248935 0.185659 0.071211 0.130084
0 0.248022 0.340463 0.083993 0.158485
0 0.250152 0.487202 0.094340 0.132188
0 0.236458 0.691445 0.100426 0.181627