0 1.719373 0.350216 0.267806 0.301724
0 1.700855 0.625000 0.253561 0.252155
0 1.687322 0.961207 0.223647 0.331897
0 1.653846 1.296875 0.247863 0.279095
0 1.693732 1.614763 0.270655 0.259698
0 1.443732 0.406250 0.300570 0.433190
0 1.435897 0.729526 0.239316 0.234914
0 1.458689 0.995151 0.284900 0.227371
0 1.409544 1.293103 0.300570 0.329741
0 1.386040 1.577586 0.327635 0.232759
0 1.154558 0.294181 0.217949 0.204741
0 1.124644 0.608836 0.300570 0.299569
0 1.173789 0.907328 0.287749 0.265086
0 1.139601 1.248922 0.242165 0.334052
0 1.066239 1.511315 0.254986 0.270474
0 0.861111 0.341056 0.343305 0.259698
0 0.849003 0.631466 0.207977 0.204741
0 0.880342 0.913793 0.245014 0.217672
0 0.880342 1.185345 0.239316 0.278017
0 0.841880 1.536638 0.247863 0.245690
0 0.554131 0.405711 0.287749 0.199353
0 0.582621 0.722522 0.270655 0.289871
0 0.613960 1.164871 0.276353 0.301724
0 0.613960 1.504310 0.276353 0.293103
0 0.282764 0.457435 0.263533 0.259698
0 0.302707 0.793642 0.257835 0.287716
0 0.321937 1.174569 0.313390 0.353448
0 0.296296 1.471983 0.330484 0.284483