0 1.142857 0.178645 0.095238 0.061602
0 1.141026 0.281314 0.106227 0.073922
0 1.135531 0.392710 0.106227 0.083162
0 1.131868 0.503593 0.102564 0.079055
0 1.139194 0.622177 0.117216 0.078029
0 1.143773 0.732033 0.100733 0.071869
0 1.134615 0.830595 0.100733 0.067762
0 1.126374 0.941478 0.106227 0.088296
0 1.133700 1.062115 0.106227 0.074949
0 1.126374 1.178131 0.102564 0.074949
0 1.120879 1.292094 0.102564 0.074949
0 1.120879 1.398871 0.102564 0.074949
0 1.111722 1.515914 0.102564 0.074949
0 0.820513 0.187372 0.102564 0.074949
0 0.824176 0.281828 0.102564 0.074949
0 0.829670 0.382444 0.102564 0.074949
0 0.824176 0.515914 0.102564 0.074949
0 0.815018 0.623717 0.102564 0.074949
0 0.809524 0.735626 0.102564 0.074949
0 0.809524 0.835216 0.102564 0.074949
0 0.815018 0.936858 0.102564 0.074949
0 0.805861 1.060062 0.102564 0.074949
0 0.805861 1.177105 0.102564 0.074949
0 0.802198 1.302361 0.102564 0.074949
0 0.796703 1.405031 0.102564 0.074949
0 0.791209 1.526181 0.102564 0.074949