0 0.622706 0.401417 0.038188 0.048189
0 0.623150 0.460945 0.040853 0.063307
0 0.624038 0.516535 0.039076 0.047244
0 0.624482 0.569921 0.041741 0.051969
0 0.573416 0.636063 0.047957 0.042520
0 0.520574 0.633228 0.052398 0.040630
0 0.467732 0.636063 0.039076 0.042520
0 0.412374 0.637953 0.055062 0.038740
0 0.355092 0.571339 0.041741 0.064252
0 0.355536 0.515591 0.039076 0.051024
0 0.355536 0.468504 0.035524 0.048189
0 0.354204 0.415591 0.041741 0.057638
0 0.407046 0.350866 0.042629 0.041575
0 0.451895 0.350394 0.047069 0.042520
0 0.505477 0.349449 0.047069 0.042520
0 0.556098 0.346142 0.054174 0.045354