0 0.735524 0.247653 0.051330 0.150235
0 0.732081 0.382629 0.042567 0.096244
0 0.748357 0.602113 0.070110 0.267606
0 0.667762 0.319249 0.057277 0.237089
0 0.675587 0.621479 0.063537 0.285211
0 0.609546 0.335681 0.062285 0.232394
0 0.612833 0.619718 0.063850 0.309859
0 0.539124 0.369718 0.067293 0.284038
0 0.539593 0.679577 0.072613 0.321596
0 0.469014 0.392606 0.072926 0.257042
0 0.474648 0.643192 0.059781 0.201878
0 0.395618 0.336854 0.045070 0.150235
0 0.391236 0.531103 0.061346 0.196009
0 0.401095 0.725352 0.055399 0.211268
0 0.339906 0.367371 0.058216 0.190141
0 0.333490 0.563380 0.056025 0.199531
0 0.338654 0.776995 0.071362 0.239437
0 0.264163 0.393779 0.060094 0.224178
0 0.259155 0.592136 0.060094 0.149061
0 0.246479 0.771714 0.072300 0.221831