0 0.897834 0.095125 0.092073 0.116911
0 0.897341 0.251510 0.099951 0.114754
0 0.899311 0.387187 0.096012 0.106557
0 0.903250 0.549396 0.129493 0.134167
0 0.688823 0.083693 0.110290 0.114754
0 0.674791 0.229077 0.121615 0.140638
0 0.674298 0.393227 0.125554 0.146247
0 0.667898 0.573123 0.133432 0.163503
0 0.495815 0.134599 0.151649 0.237274
0 0.491630 0.331104 0.112752 0.130716
0 0.496307 0.465703 0.098474 0.109146
0 0.492368 0.611519 0.119153 0.105695
0 0.317331 0.110224 0.121615 0.149698
0 0.300098 0.276100 0.120630 0.143227
0 0.294436 0.477567 0.090596 0.144090
0 0.303791 0.650777 0.130970 0.134167
0 0.101674 0.133520 0.154111 0.178171
0 0.096997 0.278041 0.111275 0.081536
0 0.107829 0.471743 0.134909 0.141933