0 1.487988 0.351429 0.195195 0.237143
0 1.490991 0.577857 0.291291 0.208571
0 1.469970 0.760714 0.303303 0.170000
0 1.518018 0.961429 0.189189 0.197143
0 1.180180 0.335714 0.288288 0.222857
0 1.157658 0.547143 0.261261 0.157143
0 1.159159 0.752143 0.228228 0.190000
0 1.084084 1.491429 0.300300 0.231429
0 0.879880 0.305000 0.222222 0.150000
0 0.870871 0.541429 0.255255 0.191429
0 0.867868 0.734286 0.228228 0.164286
0 0.834084 0.970714 0.217718 0.221429
0 0.849099 1.177143 0.199700 0.168571
0 0.822823 1.502857 0.258258 0.248571
0 0.587087 0.325000 0.258258 0.218571
0 0.581081 0.528571 0.243243 0.185714
0 0.585586 0.761429 0.255255 0.205714
0 0.564565 1.010000 0.186186 0.160000
0 0.576577 1.256786 0.354354 0.273571
0 0.514264 1.555000 0.232733 0.284286
0 0.367868 0.316429 0.153153 0.221429
0 0.340841 0.557143 0.207207 0.185714
0 0.331832 0.739286 0.129129 0.204286
0 0.301802 0.972500 0.189189 0.186429
0 0.292793 1.172857 0.189189 0.182857
0 0.261261 1.495714 0.240240 0.205714