0 0.585870 0.195122 0.215217 0.078678
0 0.591304 0.273800 0.200000 0.069237
0 0.591304 0.350905 0.191304 0.066090
0 0.591304 0.417781 0.186957 0.055075
0 0.580435 0.476790 0.195652 0.042486
0 0.588043 0.524784 0.167391 0.048780
0 0.604348 0.584579 0.182609 0.058222
0 0.597826 0.658537 0.169565 0.070810
0 0.594565 0.722659 0.171739 0.044847
0 0.602174 0.784815 0.173913 0.065303
0 0.598913 0.845004 0.171739 0.056648
0 0.602174 0.908340 0.178261 0.049567
0 0.600000 0.971676 0.165217 0.058222
0 0.601087 1.038552 0.210870 0.053501
0 0.610870 1.096774 0.186957 0.064516
0 0.617391 1.167191 0.200000 0.063729
0 0.625000 1.221873 0.180435 0.029898
0 0.632609 1.280094 0.186957 0.058222
0 0.642391 1.350905 0.180435 0.061369
0 0.632609 1.426436 0.160870 0.058222
0 0.646739 1.510622 0.167391 0.088120
0 0.625000 1.576711 0.171739 0.031471
0 0.632609 1.626279 0.195652 0.055075
0 0.634783 1.674272 0.191304 0.040913
0 0.619565 1.730921 0.173913 0.064516
0 0.597826 1.812746 0.169565 0.067663
0 0.573913 1.874115 0.178261 0.047207