0 0.434869 0.295910 0.083210 0.048519
0 0.420505 0.348378 0.076275 0.055289
0 0.407132 0.465303 0.086181 0.047109
0 0.391035 0.634979 0.102526 0.071650
0 0.328628 0.315374 0.092620 0.050776
0 0.325656 0.370804 0.093611 0.053315
0 0.317236 0.427786 0.082714 0.054443
0 0.316493 0.481241 0.075285 0.047955
0 0.307083 0.541044 0.086181 0.064880
0 0.307826 0.606770 0.064884 0.064316
0 0.237741 0.322426 0.088162 0.076728
0 0.228579 0.395769 0.093611 0.069394
0 0.227836 0.447391 0.089153 0.036107
0 0.233284 0.492666 0.087172 0.047109
0 0.227836 0.634274 0.112927 0.081523