0 0.201010 0.148677 0.169697 0.175661
0 0.192424 0.297354 0.196970 0.112169
0 0.214141 0.414286 0.187879 0.098413
0 0.209596 0.549206 0.196970 0.142857
0 0.205051 0.704497 0.250505 0.159259
0 0.225758 0.852116 0.245455 0.135979
0 0.422222 0.171164 0.228283 0.140212
0 0.448990 0.309259 0.245455 0.116931
0 0.453535 0.416667 0.191919 0.084127
0 0.451515 0.554762 0.187879 0.173016
0 0.482323 0.773545 0.241414 0.208466
0 0.674747 0.150000 0.206061 0.149735
0 0.698990 0.595767 0.228283 0.133333
0 0.723737 0.710847 0.178788 0.095767
0 0.737879 0.826455 0.178788 0.107937