0 1.696045 0.126686 0.122034 0.174908
0 1.691525 0.371884 0.133333 0.217409
0 1.704520 0.566408 0.141243 0.112791
0 1.707345 0.722109 0.101695 0.149571
0 1.701695 0.955456 0.119774 0.207601
0 1.714689 1.145484 0.093785 0.102166
0 1.728814 1.310993 0.117514 0.160196
0 1.742373 1.576624 0.110734 0.176543
0 1.744633 1.801389 0.135593 0.173273
0 1.237288 0.184716 0.137853 0.179812
0 1.233333 0.416837 0.141243 0.187985
0 1.245198 0.633429 0.122034 0.161831
0 1.237288 0.854107 0.119774 0.178177
0 1.246893 1.079689 0.143503 0.178177
0 1.255932 1.329792 0.143503 0.184716
0 1.258757 1.566817 0.131073 0.201063
0 1.276271 1.829996 0.143503 0.201063
0 0.761582 0.435635 0.198870 0.197793
0 0.772316 0.681651 0.215819 0.245198
0 0.786441 1.008582 0.225989 0.274622
0 0.803390 1.271761 0.196610 0.168369
0 0.819209 1.519003 0.131073 0.190437
0 0.828249 1.747446 0.124294 0.178177
0 0.287006 0.156518 0.117514 0.156110
0 0.280226 0.366163 0.112994 0.171639
0 0.270621 0.621577 0.206780 0.239477
0 0.302825 0.876584 0.162712 0.196976
0 0.292655 1.111565 0.167232 0.176543
0 0.312429 1.331426 0.145763 0.205966
0 0.342373 1.547609 0.137853 0.152840
0 0.329944 1.749898 0.137853 0.179812