0 0.576682 1.364111 0.126761 0.066202
0 0.456964 1.358449 0.112676 0.058362
0 0.383412 1.357143 0.090767 0.052265
0 0.293427 1.352787 0.098592 0.047038
0 0.239437 1.356707 0.040689 0.054878
0 0.200313 1.358014 0.053208 0.054007
0 0.152582 1.360627 0.048513 0.054007
0 0.611894 1.309233 0.071987 0.060976
0 0.500782 1.306185 0.131455 0.058362
0 0.387324 1.307056 0.104851 0.054878
0 0.282473 1.307491 0.082942 0.054007
0 0.211268 1.310105 0.065728 0.048780
0 0.153365 1.309233 0.053208 0.054007
0 0.608764 1.255662 0.087637 0.054878
0 0.524257 1.254355 0.103286 0.052265
0 0.425665 1.257840 0.118936 0.052265
0 0.340376 1.257404 0.054773 0.054878
0 0.596244 1.203833 0.103286 0.059233
0 0.492958 1.206446 0.115806 0.054007
0 0.384977 1.204268 0.115806 0.065331
0 0.298905 1.205575 0.097027 0.069686
0 0.209703 1.205575 0.118936 0.062718
0 0.604069 1.148955 0.112676 0.067944
0 0.487480 1.148519 0.117371 0.074042
0 0.388106 1.141115 0.109546 0.071429
0 0.277778 1.146777 0.117371 0.058362
0 0.178404 1.149826 0.103286 0.073171