0 1.510204 0.159494 0.155844 0.113080
0 1.504638 0.321519 0.174397 0.091139
0 1.503711 0.440506 0.250464 0.104641
0 1.528757 0.550211 0.163265 0.074262
0 1.558442 0.660759 0.141002 0.099578
0 1.580705 0.837975 0.270872 0.194093
0 1.620594 1.031224 0.198516 0.104641
0 1.639147 1.226160 0.272727 0.180591
0 1.641929 1.422785 0.248609 0.138397
0 1.664193 1.572152 0.189239 0.109705
0 1.684601 1.708017 0.148423 0.136709
0 1.234694 0.172996 0.213358 0.129958
0 1.191095 0.340928 0.237477 0.175527
0 1.298701 0.698734 0.163265 0.131646
0 1.312616 0.843882 0.187384 0.121519
0 1.342301 0.972996 0.198516 0.092827
0 1.335807 1.102110 0.163265 0.124895
0 1.346939 1.246414 0.215213 0.123207
0 1.384045 1.395781 0.230056 0.148523
0 1.398887 1.543460 0.222635 0.116456
0 1.402597 1.724895 0.241187 0.200844
0 1.027829 0.155696 0.192950 0.108861
0 0.986085 0.283122 0.168831 0.145992
0 0.961039 0.426160 0.133581 0.106329
0 0.994434 0.555696 0.207792 0.090295
0 1.001855 0.688608 0.252319 0.114768
0 1.001855 0.800000 0.200371 0.091139
0 1.086271 0.940084 0.176252 0.138397
0 1.092764 1.087764 0.211503 0.126582
0 1.126160 1.213502 0.226345 0.114768
0 1.131725 1.362447 0.192950 0.120675
0 1.082560 1.561603 0.265306 0.230380
0 1.068646 1.750211 0.296846 0.141772
0 0.751391 0.373840 0.256030 0.089451
0 0.754174 0.507173 0.283859 0.143460
0 0.764378 0.681857 0.185529 0.167089
0 0.775510 0.837975 0.133581 0.128270
0 0.749536 0.982278 0.185529 0.109705
0 0.766234 1.160338 0.300557 0.231224
0 0.817254 1.369620 0.313544 0.173840
0 0.819109 1.558650 0.231911 0.150211
0 0.810761 1.721519 0.174397 0.124895
0 0.474954 0.195781 0.252319 0.165401
0 0.445269 0.345148 0.259740 0.089451
0 0.462894 0.472574 0.231911 0.102954
0 0.483302 0.597046 0.231911 0.098734
0 0.445269 0.745992 0.330241 0.162025
0 0.420223 0.910549 0.202226 0.126582
0 0.419295 1.047257 0.241187 0.119831
0 0.430427 1.217722 0.319109 0.170464
0 0.417440 1.364979 0.196660 0.083544
0 0.423006 1.502110 0.252319 0.118143
0 0.421150 1.686498 0.270872 0.172996