0 1.450717 0.345790 0.249104 0.185502
0 1.438172 0.561909 0.281362 0.190905
0 1.410394 0.759568 0.240143 0.157587
0 1.413978 0.924809 0.243728 0.199910
0 1.369176 1.149932 0.254480 0.207114
0 1.409498 1.327780 0.184588 0.083746
0 1.401434 1.473210 0.272401 0.171094
0 1.108423 0.402521 0.295699 0.280955
0 1.102151 0.700585 0.290323 0.291760
0 1.105735 0.928411 0.211470 0.135074
0 1.121864 1.079244 0.258065 0.141378
0 1.077061 1.309320 0.308244 0.288158
0 1.010753 1.532643 0.258065 0.142278
0 0.729391 0.390815 0.258065 0.248537
0 0.754480 0.597929 0.308244 0.185502
0 0.760753 0.778928 0.263441 0.153084
0 0.688172 0.944620 0.286738 0.171094
0 0.713262 1.194057 0.272401 0.234129
0 0.728495 1.457001 0.360215 0.241333