0 1.415876 1.189833 0.053494 0.106821
0 1.422778 1.274131 0.043141 0.061776
0 1.428387 1.352638 0.054357 0.090090
0 1.436583 1.441441 0.062123 0.087516
0 1.443917 1.523166 0.050906 0.086229
0 1.446074 1.587516 0.041415 0.052767
0 1.450388 1.651223 0.050043 0.064350
0 1.452977 1.710425 0.048318 0.059202
0 1.345125 0.994852 0.074202 0.113256
0 1.343399 1.077220 0.041415 0.048906
0 1.351165 1.148005 0.044866 0.061776
0 1.352459 1.226512 0.054357 0.092664
0 1.371009 1.314028 0.043141 0.077220
0 1.378775 1.392535 0.032787 0.056628
0 1.387403 1.462033 0.044866 0.066924
0 1.393443 1.548263 0.041415 0.061776
0 1.396031 1.625483 0.037964 0.074646
0 1.402071 1.702703 0.044866 0.074646