0 1.353306 0.106250 0.367769 0.113889
0 1.347107 0.226389 0.289256 0.102778
0 1.321281 0.460417 0.192149 0.097222
0 1.338843 0.607639 0.227273 0.098611
0 1.320248 0.773264 0.247934 0.142361
0 1.306818 0.910417 0.254132 0.129167
0 1.301653 1.023611 0.243802 0.108333
0 1.297521 1.131250 0.214876 0.118056
0 1.308884 1.256944 0.237603 0.115278
0 1.311983 1.388889 0.219008 0.125000
0 1.295455 1.571875 0.289256 0.127083
0 1.309917 1.754167 0.293388 0.183333
0 1.345041 1.913194 0.276860 0.118056
0 1.023760 0.136806 0.254132 0.133333
0 1.037190 0.241667 0.198347 0.073611
0 1.008264 0.480556 0.276860 0.144444
0 1.051653 0.619792 0.227273 0.100694
0 1.010331 0.794444 0.338843 0.154167
0 1.016529 0.952778 0.338843 0.118056
0 1.049587 1.095833 0.293388 0.138889
0 1.047521 1.250347 0.342975 0.147917
0 1.067149 1.387500 0.270661 0.130556
0 1.047521 1.513889 0.276860 0.144444
0 0.705579 0.162153 0.361570 0.199306
0 0.735537 0.574306 0.231405 0.081944
0 0.702479 0.682639 0.219008 0.123611
0 0.688017 0.799306 0.293388 0.115278
0 0.661157 0.916319 0.247934 0.121528
0 0.369835 0.108333 0.264463 0.100000
0 0.386364 0.220139 0.252066 0.115278
0 0.447314 0.452778 0.167355 0.083333
0 0.451446 0.561111 0.241736 0.134722
0 0.435950 0.687500 0.268595 0.111111
0 0.427686 0.786111 0.185950 0.086111