0 0.614338 0.190899 0.058088 0.039104
0 0.613603 0.238535 0.093382 0.050480
0 0.613603 0.295947 0.127206 0.056523
0 0.620221 0.357270 0.118382 0.062567
0 0.618382 0.424458 0.129412 0.077497
0 0.489706 0.204586 0.125000 0.080697
0 0.492279 0.291148 0.127206 0.094561
0 0.475735 0.459474 0.139706 0.094205
0 0.483088 0.669748 0.129412 0.118734
0 0.314706 0.219694 0.195588 0.098827
0 0.299632 0.312478 0.191912 0.091717
0 0.287132 0.412371 0.137500 0.099538
0 0.313603 0.544437 0.193382 0.107714
0 0.315441 0.654106 0.180882 0.113758