0 1.694915 0.238593 0.177314 0.199620
0 1.696219 0.440114 0.179922 0.134981
0 1.683181 0.722909 0.195567 0.240494
0 1.677966 0.953897 0.174707 0.177757
0 1.676662 1.133080 0.169492 0.152091
0 1.668840 1.288973 0.135593 0.098859
0 1.672751 1.468631 0.169492 0.180608
0 1.684485 1.666350 0.166884 0.157795
0 1.423729 0.231939 0.143416 0.163498
0 1.400913 0.453422 0.183833 0.190114
0 1.401565 0.691065 0.164276 0.152091
0 1.394394 0.865494 0.181226 0.134030
0 1.411995 1.169202 0.195567 0.235741
0 1.395698 1.402091 0.183833 0.157795
0 1.389179 1.548479 0.181226 0.127376
0 1.413299 1.686787 0.172099 0.145437
0 1.159061 0.170152 0.185137 0.153992
0 1.149935 0.381179 0.161669 0.220532
0 1.152542 0.622624 0.179922 0.167300
0 1.144068 0.821768 0.168188 0.175856
0 1.135593 0.991445 0.177314 0.155894
0 1.115385 1.209125 0.168188 0.140684
0 1.120600 1.448669 0.181226 0.182510
0 1.131030 1.633080 0.181226 0.167300
0 0.882660 0.222433 0.172099 0.163498
0 0.886571 0.443916 0.161669 0.199620
0 0.880052 0.625951 0.177314 0.113118
0 0.885267 0.810361 0.190352 0.175856
0 0.895698 1.000000 0.200782 0.148289
0 0.876793 1.191065 0.183833 0.211027
0 0.863103 1.450570 0.190352 0.222433
0 0.852021 1.662548 0.196871 0.127376
0 0.590613 0.235741 0.177314 0.216730
0 0.598435 0.415399 0.192960 0.155894
0 0.593220 0.598859 0.169492 0.159696
0 0.595176 0.770913 0.168188 0.123574
0 0.602347 0.928707 0.177314 0.169202
0 0.593220 1.169202 0.195567 0.233840
0 0.608866 1.426806 0.179922 0.153992
0 0.593220 1.635932 0.179922 0.195817
0 0.265971 0.279943 0.177314 0.175856
0 0.284224 0.478137 0.177314 0.169202
0 0.290743 0.696768 0.164276 0.173004
0 0.305085 0.936312 0.179922 0.182510
0 0.303781 1.214354 0.179922 0.170152
0 0.290743 1.457224 0.156454 0.146388