0 0.583665 0.294291 0.082669 0.070431
0 0.581424 0.387217 0.077191 0.088117
0 0.586155 0.464474 0.100598 0.073224
0 0.593625 0.517065 0.058765 0.035681
0 0.590388 0.559727 0.057271 0.038473
0 0.594622 0.627676 0.105578 0.079429
0 0.482321 0.283587 0.060259 0.057090
0 0.484313 0.340521 0.054283 0.061744
0 0.482321 0.406454 0.045319 0.068880
0 0.487301 0.469904 0.072211 0.061744
0 0.482570 0.535681 0.084661 0.067329
0 0.488795 0.601458 0.081175 0.054918
0 0.486056 0.658238 0.058765 0.044989
0 0.327689 0.561589 0.070717 0.038473
0 0.329930 0.630003 0.068227 0.070431
0 0.339890 0.688179 0.078187 0.045920
0 0.341135 0.735029 0.051793 0.039715
0 0.340388 0.786069 0.053287 0.056159
0 0.249502 0.565467 0.076693 0.049333
0 0.248755 0.716103 0.064243 0.039094
0 0.261952 0.767453 0.076693 0.039404
0 0.153137 0.569190 0.090139 0.053056
0 0.166086 0.617903 0.085159 0.040025
0 0.158118 0.668321 0.070219 0.052125
0 0.156873 0.722929 0.082669 0.044679
0 0.158865 0.775985 0.078685 0.042197