0 0.686724 0.203932 0.107927 0.195320
0 0.677889 0.394053 0.108405 0.180370
0 0.679561 0.566623 0.120344 0.179071
0 0.673114 0.748944 0.111270 0.192720
0 0.599331 0.201495 0.094556 0.196945
0 0.592407 0.396978 0.098854 0.173221
0 0.583333 0.569223 0.093123 0.173221
0 0.577364 0.745856 0.102197 0.184595
0 0.514804 0.199545 0.095511 0.198895
0 0.508835 0.385115 0.095989 0.174196
0 0.511223 0.558824 0.106495 0.175171
0 0.489733 0.743906 0.091213 0.194995
0 0.423352 0.199058 0.093123 0.204420
0 0.420487 0.388528 0.095989 0.177121
0 0.414518 0.563373 0.105062 0.178421
0 0.405205 0.749594 0.114136 0.185570
0 0.333811 0.197108 0.117479 0.206370
0 0.323782 0.384628 0.125119 0.173221
0 0.319723 0.563536 0.115091 0.184595