0 0.731534 0.560193 0.151989 0.100681
0 0.736506 0.662666 0.151989 0.100681
0 0.739702 0.761734 0.154119 0.099606
0 0.742188 0.856682 0.156250 0.096023
0 0.578835 0.359907 0.151989 0.106413
0 0.579190 0.460588 0.142756 0.104264
0 0.581321 0.560552 0.138494 0.100681
0 0.582386 0.657829 0.149148 0.107488
0 0.590199 0.758330 0.160511 0.102831
0 0.590199 0.855428 0.160511 0.098531
0 0.452770 0.358115 0.135653 0.104980
0 0.456321 0.460588 0.142756 0.108563
0 0.444247 0.559477 0.149858 0.102831
0 0.439276 0.657291 0.158381 0.104264
0 0.439631 0.757793 0.144886 0.101756
0 0.441051 0.855428 0.151989 0.104264
0 0.329545 0.153171 0.133523 0.077750
0 0.324219 0.360086 0.145597 0.108922
0 0.318537 0.458975 0.142756 0.107488
0 0.301491 0.557685 0.158381 0.108563
0 0.297585 0.657650 0.142045 0.112146
0 0.292259 0.753673 0.135653 0.100681
0 0.286577 0.856503 0.165483 0.112146