0 1.296928 0.273378 0.109215 0.036226
0 1.295222 0.310447 0.098976 0.036226
0 1.295222 0.339933 0.105802 0.029486
0 1.296928 0.369840 0.109215 0.032013
0 1.291809 0.405223 0.112628 0.042123
0 1.290956 0.441449 0.110922 0.038753
0 1.291809 0.479781 0.112628 0.044650
0 1.296928 0.521061 0.109215 0.042965
0 1.298635 0.585510 0.119454 0.048863
0 1.293515 0.622578 0.109215 0.038753
0 1.296928 0.657119 0.112628 0.037068
0 1.298635 0.689975 0.116041 0.032013
0 1.291809 0.717355 0.119454 0.034541
0 1.296928 0.746841 0.102389 0.029486
0 1.302048 0.816344 0.112628 0.028644
0 1.301195 0.848357 0.110922 0.038753
0 1.300341 0.878686 0.119454 0.032013
0 1.304608 0.915754 0.110922 0.045493