0 1.608025 0.286453 0.225309 0.162747
0 1.615741 0.462841 0.212963 0.186265
0 1.601852 0.652399 0.185185 0.170273
0 1.594136 0.830668 0.185185 0.220132
0 1.606481 1.066792 0.216049 0.214487
0 1.620370 1.261524 0.216049 0.146754
0 1.621914 1.461900 0.240741 0.248354
0 1.610340 1.642521 0.165123 0.146754
0 1.373457 0.239887 0.240741 0.182502
0 1.368827 0.447789 0.197531 0.195673
0 1.357253 0.650047 0.276235 0.208843
0 1.368827 0.859831 0.234568 0.225776
0 1.367284 1.056444 0.200617 0.188147
0 1.398148 1.249765 0.222222 0.164628
0 1.390432 1.474130 0.206790 0.216369
0 1.387346 1.682973 0.234568 0.129821
0 1.120370 0.225776 0.246914 0.184384
0 1.115741 0.429915 0.237654 0.208843
0 1.108025 0.641110 0.216049 0.164628
0 1.111111 0.841957 0.259259 0.186265
0 1.121914 1.059266 0.256173 0.218250
0 1.135802 1.272813 0.222222 0.203198
0 1.125000 1.482126 0.194444 0.168391
0 1.155864 1.681091 0.182099 0.199436
0 0.863426 0.473659 0.171296 0.172154
0 0.844136 0.689558 0.253086 0.253998
0 0.843364 0.885230 0.174383 0.129821
0 0.844136 1.055503 0.256173 0.176858
0 0.865741 1.261524 0.287037 0.216369
0 0.915895 1.471308 0.251543 0.212606
0 0.910494 1.699906 0.237654 0.231421
0 0.604938 0.241769 0.194444 0.212606
0 0.598765 0.438382 0.206790 0.190028
0 0.600309 0.659925 0.265432 0.202258
0 0.587963 0.848071 0.219136 0.194732
0 0.609568 1.055033 0.268519 0.219191
0 0.618056 1.261524 0.251543 0.205080
0 0.625000 1.496707 0.219136 0.174976
0 0.635031 1.674036 0.279321 0.126999
0 0.378086 0.340075 0.219136 0.251176
0 0.362654 0.637347 0.231481 0.236124
0 0.354167 0.858420 0.195988 0.185325
0 0.373457 1.076199 0.216049 0.240828
0 0.383488 1.282220 0.208333 0.190028
0 0.382716 1.466604 0.259259 0.186265
0 0.391975 1.643932 0.185185 0.153340