0 0.823832 0.242030 0.128590 0.233670
0 0.831976 0.484253 0.133733 0.208009
0 0.828547 0.765941 0.142306 0.255832
0 0.659880 0.231726 0.154736 0.219285
0 0.657094 0.498445 0.134591 0.206065
0 0.666309 0.771773 0.171882 0.250389
0 0.500429 0.237947 0.158165 0.239502
0 0.489284 0.500000 0.144449 0.245723
0 0.498285 0.755832 0.126447 0.210731
0 0.338620 0.217341 0.146592 0.182737
0 0.340120 0.527022 0.141020 0.204899
0 0.348478 0.773328 0.128590 0.195179
0 0.184526 0.246306 0.154736 0.236781
0 0.195242 0.516135 0.144449 0.197123
0 0.214316 0.795490 0.138020 0.170295