0 0.818605 0.338690 0.106312 0.262052
0 0.802658 0.548826 0.069103 0.158220
0 0.804651 0.700865 0.081063 0.155748
0 0.711628 0.289246 0.107641 0.143387
0 0.706312 0.477132 0.107641 0.222497
0 0.704983 0.693449 0.089037 0.220025
0 0.602658 0.288010 0.073090 0.155748
0 0.605316 0.493201 0.097010 0.249691
0 0.503654 0.291718 0.087708 0.133498
0 0.502990 0.433869 0.099668 0.131026
0 0.497674 0.636588 0.094352 0.239802
0 0.408638 0.316440 0.073090 0.212608
0 0.409302 0.505562 0.071761 0.165637
0 0.405316 0.681088 0.066445 0.200247
0 0.310299 0.353523 0.099668 0.257108
0 0.299668 0.625464 0.123588 0.271941
0 0.205980 0.334981 0.082392 0.195303
0 0.192691 0.635352 0.093023 0.247219