0 1.548913 0.360973 0.195652 0.138034
0 1.494565 0.504469 0.146739 0.099305
0 1.479620 0.694638 0.138587 0.094340
0 1.491848 0.914598 0.146739 0.065541
0 1.487772 1.091360 0.171196 0.101291
0 1.500000 1.269116 0.130435 0.079444
0 1.495924 1.605263 0.171196 0.088381
0 1.502717 1.767627 0.135870 0.059583
0 1.350543 0.362959 0.195652 0.114201
0 1.315217 0.524330 0.135870 0.075472
0 1.285326 0.706554 0.179348 0.090367
0 1.353261 0.915591 0.163043 0.083416
0 1.312500 1.090367 0.184783 0.091360
0 1.355978 1.278550 0.179348 0.082423
0 1.345109 1.440914 0.146739 0.085402
0 1.366848 1.611718 0.146739 0.097319
0 1.364130 1.789970 0.146739 0.080437
0 0.823370 0.362463 0.179348 0.073486
0 0.851902 0.493049 0.187500 0.080437
0 0.836957 0.706058 0.228261 0.103277
0 0.883152 0.920060 0.201087 0.074479
0 0.880435 1.116187 0.250000 0.091360
0 0.940217 1.323237 0.206522 0.076465
0 0.918478 1.484111 0.195652 0.076465
0 0.930707 1.643992 0.154891 0.068520
0 0.961957 1.804369 0.201087 0.091360
0 0.637228 0.924528 0.187500 0.081430
0 0.741848 1.650447 0.146739 0.063555
0 0.755435 1.818272 0.173913 0.085402