0 1.755938 0.180663 0.183456 0.095977
0 1.782146 0.306987 0.173628 0.159492
0 1.784193 0.479887 0.177723 0.190543
0 1.801802 0.657022 0.165438 0.159492
0 1.801802 0.798871 0.157248 0.143966
0 1.552007 0.254764 0.171990 0.159492
0 1.573301 0.389555 0.157248 0.129852
0 1.583129 0.516584 0.165438 0.132675
0 1.591319 0.666902 0.157248 0.142555
0 1.588452 0.820042 0.172809 0.143966
0 1.345618 0.255822 0.191646 0.130558
0 1.364046 0.405434 0.153153 0.155963
0 1.373874 0.548694 0.146601 0.124912
0 1.371007 0.698659 0.137592 0.143966
0 1.378378 0.850388 0.145782 0.135498
0 1.199017 0.604446 0.160524 0.178546
0 1.199836 0.793225 0.168714 0.172195
0 0.960688 0.297812 0.144144 0.124206
0 0.965602 0.418843 0.160524 0.129146
0 0.972973 0.539873 0.144144 0.119972
0 0.776003 0.283698 0.149877 0.101623
0 0.771089 0.415314 0.169533 0.154552
0 0.776003 0.563867 0.176085 0.139732
0 0.758395 0.707128 0.168714 0.149612
0 0.760033 0.841567 0.173628 0.127735
0 0.592138 0.312632 0.139230 0.139732
0 0.578215 0.441073 0.153972 0.117149
0 0.572482 0.546577 0.145782 0.086803
0 0.547912 0.669372 0.158886 0.150318
0 0.537674 0.795342 0.154791 0.114326
0 0.411548 0.278405 0.148239 0.106563
0 0.382064 0.419901 0.148239 0.138320
0 0.364455 0.587156 0.142506 0.141143
0 0.345618 0.730416 0.127764 0.111503
0 0.327600 0.845448 0.155610 0.135498
0 0.236691 0.263938 0.126126 0.115737