0 1.345745 0.222430 0.265957 0.291589
0 1.358156 0.514019 0.226950 0.244860
0 1.402482 0.793458 0.216312 0.226168
0 1.469858 1.061682 0.258865 0.198131
0 1.519504 1.441121 0.301418 0.321495
0 1.003546 0.243925 0.212766 0.214953
0 1.021277 0.538318 0.297872 0.310280
0 1.067376 0.830841 0.287234 0.237383
0 1.054965 1.088785 0.280142 0.300935
0 1.074468 1.410748 0.290780 0.255140
0 0.650709 0.262617 0.308511 0.220561
0 0.679078 0.529907 0.301418 0.241121
0 0.709220 0.807477 0.248227 0.280374
0 0.735816 1.122430 0.301418 0.271028
0 0.776596 1.415888 0.276596 0.155140
0 0.297872 0.264486 0.262411 0.224299
0 0.347518 0.535514 0.297872 0.271028
0 0.365248 0.820561 0.219858 0.231776
0 0.423759 1.100000 0.248227 0.179439
0 0.466312 1.410280 0.280142 0.226168