0 1.341493 0.168893 0.171359 0.169847
0 1.356181 0.355916 0.166463 0.204198
0 1.343941 0.525763 0.171359 0.158397
0 1.335373 0.702290 0.154223 0.166031
0 1.319461 0.885496 0.127295 0.200382
0 1.323133 1.058206 0.139535 0.139313
0 1.321297 1.216603 0.135863 0.177481
0 1.189718 0.173664 0.139535 0.187023
0 1.181151 0.356870 0.159119 0.179389
0 1.175031 0.549618 0.186047 0.208015
0 1.168911 0.740458 0.154223 0.171756
0 1.164015 0.866412 0.159119 0.080153
0 1.168911 0.980916 0.164015 0.213740
0 1.165239 1.220420 0.188494 0.303435
0 1.040392 0.173664 0.166463 0.175573
0 1.030600 0.349237 0.137087 0.175573
0 1.014688 0.521947 0.124847 0.139313
0 1.006120 0.685115 0.181151 0.156489
0 1.000000 0.875477 0.173807 0.224237
0 0.995104 1.071565 0.178703 0.183206
0 0.988372 1.250000 0.128519 0.183206
0 0.845777 0.177481 0.134639 0.156489
0 0.844553 0.352099 0.137087 0.185115
0 0.824969 0.540553 0.144431 0.187977
0 0.799878 0.710878 0.175031 0.162214
0 0.805386 0.867366 0.176255 0.135496
0 0.799878 1.038168 0.179927 0.194656
0 0.813341 1.239981 0.170135 0.210878
0 0.657283 0.214218 0.173807 0.239504
0 0.640147 0.493321 0.188494 0.290076
0 0.629743 0.756679 0.172583 0.200382
0 0.619339 0.932252 0.171359 0.146947
0 0.620563 1.080153 0.164015 0.148855
0 0.616891 1.240458 0.137087 0.177481
0 0.490820 0.178435 0.168911 0.187023
0 0.457160 0.471851 0.167687 0.191794
0 0.425949 0.833969 0.215422 0.217557