0 0.792345 0.096591 0.157980 0.140152
0 0.784202 0.263258 0.213355 0.203283
0 0.811075 0.431187 0.130293 0.107323
0 0.814332 0.561869 0.159609 0.126263
0 0.808632 0.727273 0.164495 0.169192
0 0.822476 0.888889 0.153094 0.116162
0 0.593648 0.099116 0.131922 0.140152
0 0.620521 0.280934 0.130293 0.167929
0 0.609121 0.431187 0.127036 0.107323
0 0.612378 0.566919 0.159609 0.141414
0 0.621336 0.734848 0.141694 0.156566
0 0.641694 0.896465 0.153094 0.156566
0 0.398208 0.083333 0.138436 0.123737
0 0.374593 0.314394 0.149837 0.166667
0 0.403909 0.525253 0.169381 0.166667
0 0.432410 0.729798 0.171010 0.184343
0 0.422638 0.904672 0.138436 0.145202
0 0.206026 0.108586 0.171010 0.184343
0 0.163681 0.330808 0.177524 0.166667
0 0.148208 0.524621 0.175896 0.145202
0 0.162052 0.724116 0.148208 0.147727
0 0.153909 0.904672 0.157980 0.140152