0 0.743275 0.285948 0.108772 0.189542
0 0.747076 0.464869 0.085965 0.130719
0 0.744152 0.642974 0.084795 0.186275
0 0.751754 0.810458 0.088304 0.135621
0 0.635673 0.308824 0.106433 0.197712
0 0.632164 0.560866 0.097076 0.227941
0 0.637719 0.792484 0.089474 0.192810
0 0.504094 0.345180 0.125146 0.270425
0 0.494152 0.594363 0.123977 0.218137
0 0.492398 0.811275 0.111111 0.137255
0 0.378655 0.330474 0.095322 0.249183
0 0.382456 0.596814 0.115789 0.216503
0 0.375439 0.803105 0.097076 0.166667
0 0.267251 0.294118 0.106433 0.192810
0 0.251462 0.482843 0.101754 0.176471
0 0.247368 0.671569 0.109942 0.178105
0 0.242105 0.823529 0.091228 0.125817