0 0.480480 0.553036 0.087087 0.124696
0 0.454955 0.674089 0.087087 0.115789
0 0.452703 0.792713 0.100601 0.121457
0 0.443694 0.917409 0.070571 0.121457
0 0.441441 1.036437 0.111111 0.116599
0 0.455706 1.159514 0.124625 0.123077
0 0.472973 1.279352 0.120120 0.123077
0 0.904655 1.282996 0.271772 0.170850
0 1.177177 1.287449 0.258258 0.179757
0 0.581081 0.544130 0.087087 0.124696
0 0.584084 0.663158 0.093093 0.127935
0 0.563063 0.791903 0.087087 0.123077
0 0.568318 0.896761 0.097598 0.097976
0 0.575075 1.004049 0.093093 0.116599
0 0.594595 1.127935 0.114114 0.137652
0 0.636637 1.260729 0.123123 0.137652
0 1.159159 1.444534 0.222222 0.127935
0 0.915916 1.438462 0.258258 0.144939