0 1.836703 0.119967 0.202177 0.144618
0 1.852255 0.242399 0.183515 0.106820
0 1.846812 0.370583 0.166407 0.139688
0 1.877138 0.488907 0.124417 0.106820
0 1.869362 0.600657 0.205288 0.123254
0 1.872473 0.723090 0.183515 0.141331
0 1.855365 0.861956 0.171073 0.133114
0 1.863919 0.981923 0.166407 0.128184
0 1.856921 1.107642 0.180404 0.131471
0 1.860031 1.230896 0.174184 0.131471
0 1.855365 1.380444 0.183515 0.174199
0 1.846034 1.515201 0.171073 0.101890
0 1.836703 1.629417 0.220840 0.126541
0 1.868585 1.778965 0.197512 0.159408
0 1.883359 1.930156 0.205288 0.124897
0 1.660187 1.099836 0.197512 0.152013
0 1.662519 1.227609 0.202177 0.108463
0 1.664852 1.336894 0.163297 0.129827
0 1.654743 1.475760 0.217729 0.172555
0 1.633748 1.620378 0.253499 0.193919
0 1.645412 1.758422 0.158631 0.082169
0 1.664075 1.898932 0.217729 0.128184
0 1.125972 0.132293 0.174184 0.106820
0 1.129082 0.253903 0.192846 0.123254
0 1.153966 0.377157 0.205288 0.131471
0 1.168740 0.508217 0.231726 0.133936
0 1.166407 0.642564 0.186625 0.108463
0 1.206843 0.774856 0.239502 0.161052
0 1.220840 0.942482 0.289269 0.174199
0 0.956454 0.147905 0.208398 0.123254
0 0.952566 0.270748 0.194401 0.112572
0 0.974339 0.391947 0.203733 0.139688
0 0.962675 0.520953 0.202177 0.115037
0 0.953344 0.639277 0.233281 0.121611
0 0.970451 0.766639 0.236392 0.144618
0 0.965785 0.916187 0.214619 0.128184
0 0.724728 0.162284 0.245723 0.137223
0 0.688180 0.283484 0.228616 0.115037
0 0.694401 0.403451 0.222395 0.123254
0 0.704510 0.539852 0.183515 0.116680
0 0.696734 0.658176 0.245723 0.128184
0 0.702955 0.780608 0.248834 0.110107
0 0.709953 0.929334 0.287714 0.142975
0 0.103421 0.140920 0.181960 0.124076
0 0.106532 0.277732 0.194401 0.141331
0 0.125972 0.437962 0.186625 0.172555
0 0.111975 0.593262 0.174184 0.121611
0 0.102644 0.714051 0.139969 0.110107
0 0.107309 0.842235 0.177294 0.106820
0 0.107309 0.949877 0.158631 0.082169
0 0.116641 1.074774 0.189736 0.172555
0 0.130638 1.240756 0.211509 0.134758
0 0.135303 1.392769 0.189736 0.100247
0 0.135303 1.527527 0.239502 0.126541
0 0.160964 1.689400 0.234837 0.147905
0 0.164075 1.859080 0.247278 0.168447