0 0.960959 0.179828 0.063470 0.129614
0 0.957306 0.323176 0.080822 0.146781
0 0.960274 0.472103 0.066667 0.180258
0 0.961416 0.639056 0.068950 0.177682
0 0.949772 0.807725 0.077626 0.180258
0 0.894749 0.384979 0.064384 0.167382
0 0.893607 0.546781 0.071233 0.180258
0 0.886530 0.703004 0.069863 0.157940
0 0.878767 0.843777 0.062557 0.139056
0 0.831279 0.197854 0.082648 0.165665
0 0.821005 0.664807 0.067580 0.165665
0 0.813699 0.813305 0.072146 0.153648
0 0.754795 0.197854 0.084018 0.141631
0 0.755708 0.361803 0.079452 0.141631
0 0.754566 0.510730 0.081735 0.171674
0 0.747489 0.667382 0.066667 0.165665
0 0.747945 0.822318 0.067580 0.169957
0 0.685160 0.212017 0.068950 0.169957
0 0.679909 0.363519 0.061187 0.141631
0 0.678539 0.516309 0.079452 0.155365
0 0.667808 0.657082 0.092694 0.157082
0 0.668950 0.821030 0.084932 0.155365
0 0.609361 0.222747 0.075342 0.158798
0 0.603881 0.371674 0.089041 0.161373
0 0.602511 0.536481 0.082648 0.192275
0 0.599543 0.693562 0.065753 0.133906
0 0.596575 0.836052 0.068950 0.168240
0 0.525799 0.227039 0.070776 0.155365
0 0.524886 0.375107 0.068950 0.147639
0 0.532420 0.528326 0.077626 0.187983
0 0.459817 0.215451 0.072146 0.159657
0 0.457078 0.371674 0.073059 0.157940
0 0.454110 0.513305 0.080822 0.145923
0 0.452283 0.678112 0.076256 0.192275
0 0.122603 0.460944 0.173973 0.432618