0 0.901361 0.290548 0.115646 0.238040
0 0.895408 0.485414 0.117347 0.168028
0 0.889456 0.634189 0.102041 0.129522
0 0.888605 0.797550 0.117347 0.206534
0 0.762472 0.285298 0.129252 0.213536
0 0.755102 0.459160 0.125850 0.136523
0 0.764456 0.543174 0.107143 0.038506
0 0.752551 0.604434 0.120748 0.084014
0 0.755102 0.681447 0.112245 0.084014
0 0.755102 0.813886 0.102041 0.152859
0 0.629819 0.287048 0.108844 0.112019
0 0.623016 0.410152 0.102041 0.122520
0 0.633220 0.499417 0.088435 0.063011
0 0.629819 0.595683 0.102041 0.115519
0 0.626417 0.700700 0.095238 0.094516
0 0.623016 0.815053 0.105442 0.129522
0 0.520975 0.337806 0.112245 0.164527
0 0.517574 0.473162 0.095238 0.115519
0 0.509921 0.607935 0.103741 0.133022
0 0.509070 0.739207 0.105442 0.164527
0 0.378685 0.325554 0.132653 0.203034
0 0.378118 0.499417 0.136054 0.140023
0 0.367063 0.618436 0.134354 0.098016