0 0.834196 0.151698 0.088295 0.090130
0 0.852315 0.236116 0.095772 0.106633
0 0.845988 0.368930 0.073914 0.149476
0 0.848576 0.529038 0.083693 0.163123
0 0.849583 0.710727 0.116767 0.183751
0 0.739287 0.183116 0.099223 0.188512
0 0.753811 0.326563 0.092609 0.110441
0 0.762583 0.481434 0.110152 0.145985
0 0.761432 0.628372 0.077366 0.128848
0 0.740006 0.756268 0.093759 0.111711
0 0.647972 0.173278 0.079379 0.118058
0 0.649123 0.316249 0.092609 0.136147
0 0.633017 0.631704 0.075928 0.134878
0 0.622519 0.761504 0.072764 0.093621
0 0.557665 0.193272 0.094909 0.140908
0 0.543284 0.345446 0.094909 0.124088
0 0.561404 0.509997 0.120219 0.130117
0 0.537676 0.642812 0.107852 0.122818
0 0.524734 0.777531 0.083693 0.134560
0 0.461173 0.159315 0.095772 0.140908
0 0.445211 0.311806 0.081680 0.134878
0 0.430831 0.463345 0.103538 0.131387
0 0.435001 0.615202 0.117055 0.133608
0 0.430400 0.767217 0.087144 0.143764
0 0.357636 0.141384 0.102100 0.141860
0 0.362525 0.293558 0.107852 0.130117
0 0.322980 0.596319 0.094909 0.132656
0 0.325999 0.761187 0.085994 0.165344
0 0.238712 0.144557 0.120219 0.119010
0 0.230946 0.282767 0.078228 0.118058
0 0.224763 0.457632 0.096923 0.185973
0 0.223181 0.638210 0.131148 0.170105
0 0.232528 0.780070 0.117055 0.130117
0 0.115761 0.184227 0.088295 0.146937
0 0.125539 0.341162 0.107852 0.142177
0 0.121800 0.498413 0.098073 0.122818
0 0.114754 0.647414 0.094909 0.192955
0 0.106701 0.796890 0.092609 0.098381