0 0.346269 0.571264 0.033863 0.064943
0 0.344471 0.505172 0.030267 0.056897
0 0.343123 0.456753 0.030566 0.032471
0 0.345820 0.395977 0.035960 0.051724
0 0.375637 0.354885 0.047048 0.026437
0 0.450255 0.352730 0.060833 0.024425
0 0.513335 0.352299 0.080911 0.026437
0 0.590051 0.352155 0.068325 0.027874
0 0.618070 0.391667 0.029068 0.033908
0 0.615972 0.444828 0.030267 0.038506
0 0.616871 0.502443 0.029667 0.050287
0 0.616272 0.574138 0.024273 0.064368
0 0.572970 0.617672 0.040156 0.028448
0 0.499101 0.615805 0.044052 0.025287
0 0.445909 0.614799 0.055139 0.028448
0 0.388373 0.613793 0.062931 0.025287
0 0.376236 0.482615 0.034462 0.041092