0 1.705776 0.253260 0.267148 0.253761
0 1.723827 0.476931 0.270758 0.179539
0 1.738267 0.714142 0.285199 0.160481
0 1.723827 1.010030 0.227437 0.210632
0 1.756318 1.255767 0.328520 0.232698
0 1.786101 1.531595 0.279783 0.210632
0 1.781588 1.836510 0.263538 0.206620
0 1.392599 0.232197 0.258123 0.215647
0 1.384477 0.467402 0.314079 0.212638
0 1.415162 0.730191 0.238267 0.186560
0 1.408845 0.988465 0.344765 0.253761
0 1.393502 1.248245 0.245487 0.217653
0 1.413357 1.532598 0.353791 0.272818
0 1.440433 1.834504 0.296029 0.262788
0 1.074910 0.254263 0.366426 0.315948
0 1.090253 0.509027 0.274368 0.203611
0 1.072202 0.767803 0.274368 0.203611
0 1.079422 1.024574 0.288809 0.253761
0 1.084838 1.259779 0.263538 0.188566
0 1.072202 1.521565 0.296029 0.208626
0 1.056859 1.806419 0.323105 0.286861
0 0.742780 0.259779 0.258123 0.274824
0 0.763538 0.506520 0.270758 0.222668
0 0.718412 0.781344 0.317690 0.270812
0 0.732852 1.040120 0.339350 0.256770
0 0.725632 1.270812 0.339350 0.224674
0 0.722022 1.538616 0.288809 0.208626
0 0.739170 1.805416 0.279783 0.196590
0 0.357401 0.219659 0.274368 0.238716
0 0.393502 0.460883 0.296029 0.217653
0 0.379061 0.745737 0.317690 0.303912
0 0.389892 1.033099 0.296029 0.256770
0 0.380866 1.286861 0.288809 0.226680
0 0.416065 1.578736 0.279783 0.222668
0 0.384477 1.829488 0.314079 0.226680