0 1.795261 0.267767 0.140284 0.201742
0 1.754502 0.428244 0.142180 0.141220
0 1.742180 0.613480 0.145972 0.168730
0 1.736967 0.806969 0.167773 0.194406
0 1.725118 1.006878 0.121327 0.165062
0 1.745498 1.226960 0.184834 0.227419
0 1.781043 1.434204 0.163033 0.176066
0 1.803791 1.621275 0.176303 0.179734
0 1.847393 1.804677 0.159242 0.157726
0 1.636967 0.263182 0.119431 0.166896
0 1.613270 0.440165 0.119431 0.144888
0 1.576303 0.618524 0.130806 0.169647
0 1.562085 0.807886 0.163033 0.188904
0 1.556398 0.985786 0.155450 0.185236
0 1.571564 1.182485 0.163033 0.206327
0 1.602844 1.367263 0.140284 0.133884
0 1.637915 1.553416 0.130806 0.154058
0 1.684360 1.755158 0.130806 0.166896
0 1.463033 0.257680 0.158294 0.166896
0 1.436967 0.439248 0.106161 0.174232
0 1.416588 0.618065 0.116588 0.168730
0 1.400948 0.799175 0.123223 0.158643
0 1.391469 0.961027 0.117536 0.144888
0 1.411848 1.156350 0.154502 0.155892
0 1.456398 1.336084 0.158294 0.176066
0 1.465403 1.520862 0.185782 0.182485
0 1.500948 1.710683 0.163981 0.171481
0 1.292891 0.249427 0.142180 0.165062
0 1.290047 0.414030 0.140284 0.153141
0 1.262559 0.608895 0.109953 0.176066
0 1.254028 0.784503 0.130806 0.169647
0 1.229858 0.957359 0.135545 0.143054
0 1.257820 1.133884 0.127014 0.198991
0 1.272512 1.321412 0.137441 0.152224
0 1.295735 1.471802 0.142180 0.133884
0 1.326540 1.681339 0.154502 0.187987
0 1.141232 0.244383 0.102370 0.180651
0 1.129858 0.405319 0.140284 0.168730
0 1.111848 0.592389 0.151659 0.185236
0 1.095261 0.776249 0.109005 0.153141
0 1.097630 0.953691 0.113744 0.176066
0 1.084834 1.133425 0.126066 0.183402
0 1.112322 1.326914 0.146919 0.155892
0 1.130332 1.482806 0.169668 0.174232
0 1.163507 1.679046 0.118483 0.155892
0 0.777251 0.264099 0.193365 0.185236
0 0.813270 0.440165 0.117536 0.141220
0 0.847393 0.613480 0.147867 0.174232
0 0.878199 0.793214 0.196209 0.168730
0 0.898578 0.959193 0.163033 0.128381
0 0.911374 1.139386 0.118483 0.187987
0 0.897630 1.338835 0.130806 0.166896
0 0.868246 1.510316 0.185782 0.165062
0 0.812796 1.708391 0.177251 0.214580
0 0.635545 0.277854 0.145024 0.174232
0 0.661611 0.457588 0.181991 0.166896
0 0.686730 0.651077 0.177251 0.205410
0 0.707109 0.818890 0.123223 0.155892
0 0.726066 0.982118 0.119431 0.155892
0 0.751659 1.165979 0.136493 0.153141
0 0.743128 1.334250 0.170616 0.111875
0 0.683412 1.538744 0.134597 0.205410
0 0.645498 1.723980 0.123223 0.172398
0 0.467299 0.299862 0.130806 0.165062
0 0.486730 0.477762 0.127962 0.165062
0 0.520379 0.648785 0.130806 0.153141
0 0.550711 0.824392 0.115640 0.144888
0 0.577251 0.977992 0.145972 0.195323
0 0.594313 1.178359 0.111848 0.152224
0 0.557820 1.368180 0.118483 0.165062
0 0.532701 1.522238 0.125118 0.155892
0 0.478199 1.689133 0.137441 0.190738
0 0.313744 0.347088 0.197156 0.213663
0 0.334597 0.518111 0.140284 0.144888
0 0.361137 0.653829 0.123223 0.132050
0 0.387678 0.810637 0.151659 0.194406
0 0.428910 1.021550 0.156398 0.201742
0 0.437915 1.200825 0.140284 0.149473
0 0.421801 1.355800 0.123223 0.164145
0 0.372512 1.519945 0.092891 0.123796
0 0.157346 0.323705 0.123223 0.122879
0 0.152607 0.458505 0.108057 0.150390
0 0.174408 0.599725 0.134597 0.117377
0 0.186730 0.731774 0.138389 0.121045
0 0.227962 0.866575 0.114692 0.174232
0 0.256872 1.030720 0.121327 0.117377
0 0.284360 1.169188 0.147867 0.143054
0 0.273934 1.329665 0.121327 0.157726
0 0.230332 1.470885 0.104265 0.128381
0 0.208531 1.610271 0.151659 0.176066
0 0.187678 1.761577 0.109953 0.148556