0 0.712749 0.156348 0.187251 0.132522
0 0.714343 0.298261 0.198406 0.158261
0 0.703586 0.442783 0.227888 0.137739
0 0.703187 0.571130 0.190438 0.113391
0 0.696414 0.705391 0.219920 0.148870
0 0.507968 0.158087 0.238247 0.145739
0 0.511952 0.290435 0.187251 0.129391
0 0.513546 0.437043 0.184064 0.136000
0 0.502789 0.581391 0.183267 0.153391
0 0.511952 0.716522 0.195219 0.116870
0 0.310359 0.130087 0.201594 0.112000
0 0.307171 0.260174 0.201594 0.139130
0 0.294024 0.613391 0.191235 0.115130
0 0.292430 0.723478 0.223108 0.121739