0 1.502749 0.789819 0.032993 0.068966
0 1.538885 0.779146 0.036135 0.087028
0 1.629222 0.785714 0.040848 0.119869
0 1.673213 0.788177 0.047133 0.111658
0 1.710134 0.793924 0.029851 0.070608
0 1.794187 0.779967 0.040848 0.095238
0 1.508248 0.921182 0.040848 0.082102
0 1.549097 0.924466 0.034564 0.075534
0 1.585232 0.922003 0.037706 0.096880
0 1.623331 0.920361 0.043205 0.093596
0 1.669285 0.909688 0.053417 0.118227
0 1.710134 0.908867 0.031422 0.087028
0 1.744305 0.903941 0.032207 0.093596
0 1.793794 0.896552 0.055774 0.111658