0 0.561659 0.270074 0.079970 0.062280
0 0.558296 0.342538 0.098655 0.052096
0 0.561659 0.421073 0.082960 0.071289
0 0.551196 0.510772 0.085949 0.067372
0 0.560164 0.583823 0.082960 0.063063
0 0.552691 0.652370 0.088939 0.056796
0 0.567638 0.730709 0.079970 0.059929
0 0.568759 0.800039 0.092676 0.066197
0 0.366592 0.149040 0.085949 0.066197
0 0.372571 0.210928 0.085949 0.052879
0 0.362481 0.378966 0.115097 0.062280
0 0.353513 0.455347 0.097160 0.066197
0 0.365097 0.585390 0.088939 0.070114
0 0.367713 0.667842 0.095665 0.061888
0 0.361360 0.749510 0.100897 0.072464