0 0.243666 0.386531 0.020566 0.023150
0 0.243964 0.413013 0.024739 0.027710
0 0.241133 0.536128 0.035768 0.031217
0 0.242623 0.572080 0.038152 0.037180
0 0.240089 0.615047 0.025931 0.043844
0 0.242474 0.660119 0.031297 0.040687
0 0.242772 0.702561 0.035469 0.036478
0 0.178539 0.379867 0.033383 0.030165
0 0.176155 0.416345 0.029210 0.035075
0 0.175261 0.451421 0.028018 0.036478
0 0.173770 0.491757 0.029210 0.035075
0 0.170194 0.525254 0.027422 0.032620
0 0.165127 0.559453 0.034575 0.034374
0 0.167362 0.587864 0.022355 0.025254
0 0.159762 0.653280 0.035768 0.039635
0 0.158718 0.693266 0.025931 0.048053