0 1.690909 0.749483 0.100364 0.112603
0 1.690909 0.934917 0.117818 0.245868
0 1.730182 1.179236 0.160000 0.246901
0 1.457455 0.694215 0.110545 0.136364
0 1.493818 0.964876 0.186182 0.231405
0 1.545455 1.300620 0.168727 0.283058
0 1.227636 0.680785 0.197818 0.283058
0 1.255273 1.078512 0.174545 0.252066
0 1.269091 1.339360 0.136727 0.135331
0 0.929091 0.700413 0.208727 0.347107
0 0.913455 1.102273 0.133818 0.192149
0 0.919636 1.408058 0.138909 0.229339
0 0.664364 0.779442 0.109818 0.240702
0 0.628364 1.196281 0.151273 0.268595
0 0.348364 0.746901 0.157091 0.276860
0 0.285091 1.013430 0.197818 0.245868