0 1.363304 0.359474 0.235380 0.254760
0 1.380848 0.607888 0.188596 0.142339
0 1.392544 0.856301 0.235380 0.254760
0 1.424708 1.113781 0.217836 0.174977
0 1.468567 1.305984 0.211988 0.189483
0 0.956871 0.471895 0.393275 0.276519
0 0.953947 0.805530 0.352339 0.312783
0 1.006579 1.135539 0.340643 0.233001
0 1.029971 1.403898 0.276316 0.222121
0 1.003655 1.730281 0.258772 0.272892
0 0.503655 0.513599 0.217836 0.327289
0 0.518275 0.945150 0.328947 0.233001
0 0.559211 1.226201 0.328947 0.207616
0 0.524123 1.565277 0.247076 0.203989