0 1.071326 0.702820 0.073487 0.082430
0 1.073847 0.783080 0.043948 0.069414
0 1.080692 0.863341 0.048991 0.082430
0 1.087176 0.957158 0.067723 0.090022
0 1.094380 1.034707 0.061960 0.073753
0 1.106628 1.121475 0.063401 0.086768
0 1.111671 1.201735 0.044669 0.084599
0 1.123199 1.287419 0.061960 0.084599
0 1.128242 1.368764 0.051873 0.073753
0 1.137248 1.454447 0.055476 0.088937
0 1.147334 1.533623 0.055476 0.071584
0 1.000720 0.695228 0.061960 0.110629
0 1.005764 0.792842 0.060519 0.080260
0 1.011167 0.881779 0.054035 0.088937
0 1.024496 0.971800 0.057637 0.095445