0 1.065744 0.568571 0.221453 0.140952
0 0.811419 0.548571 0.252595 0.150476
0 1.183391 0.998095 0.283737 0.099048
0 1.199827 1.100476 0.316609 0.105714
0 1.176471 1.216667 0.249135 0.098095
0 0.932526 0.997619 0.211073 0.098095
0 0.932526 1.072857 0.190311 0.058095
0 0.955017 1.207619 0.221453 0.072381
0 0.968858 1.289524 0.214533 0.076190
0 0.969723 1.371429 0.223183 0.095238
0 0.715398 1.006667 0.212803 0.100952
0 0.734429 1.091429 0.192042 0.045714
0 0.735294 1.160000 0.148789 0.072381
0 0.750000 1.222857 0.178201 0.059048
0 0.772491 1.294762 0.178201 0.084762
0 1.217993 1.811905 0.359862 0.122857
0 0.859862 1.826667 0.280277 0.163810
0 0.588235 1.800476 0.238754 0.155238