0 0.707593 0.248214 0.156154 0.031250
0 0.712799 0.310937 0.253521 0.078125
0 0.724434 0.363170 0.208206 0.026339
0 0.731170 0.391964 0.181261 0.025000
0 0.726577 0.408705 0.199020 0.012054
0 0.727802 0.453571 0.246785 0.083036
0 0.720147 0.550446 0.176363 0.107143
0 0.706062 0.796205 0.117575 0.057589
0 0.744948 0.902455 0.230863 0.158482
0 0.502756 0.866518 0.266993 0.175000
0 0.227495 0.825893 0.142682 0.087500
0 0.240049 0.724554 0.176363 0.132143
0 0.246479 0.627009 0.099816 0.069196
0 0.238824 0.558482 0.151868 0.060714
0 0.240968 0.508259 0.142682 0.042411
0 0.284752 0.294866 0.142070 0.157589