0 0.772290 0.143372 0.191148 0.142514
0 0.790250 0.239698 0.148813 0.063187
0 0.768121 0.336882 0.155869 0.089286
0 0.783194 0.445055 0.177037 0.127060
0 0.779666 0.574863 0.141758 0.109890
0 0.803079 0.712397 0.152662 0.145948
0 0.827453 0.861435 0.187300 0.128777
0 0.577293 0.121223 0.162925 0.094780
0 0.591725 0.242617 0.155869 0.125343
0 0.591725 0.377060 0.149455 0.157967
0 0.607761 0.488668 0.152021 0.070055
0 0.614817 0.738496 0.163566 0.104052
0 0.630532 0.837225 0.162925 0.100962
0 0.389673 0.136332 0.225144 0.146978
0 0.386786 0.273008 0.169339 0.137363
0 0.172547 0.108001 0.178319 0.110920
0 0.166453 0.205529 0.166132 0.087569
0 0.174150 0.310955 0.157152 0.117102
0 0.160359 0.407452 0.123156 0.075893
0 0.168056 0.488496 0.132136 0.079327