0 1.076923 0.324280 0.192821 0.187941
0 1.100000 0.518197 0.148718 0.206410
0 1.067692 0.738186 0.207179 0.261814
0 1.026667 0.944052 0.121026 0.132537
0 1.008205 1.253666 0.186667 0.262901
0 1.005128 1.531776 0.160000 0.217273
0 0.858462 0.414992 0.201026 0.321564
0 0.856923 0.714829 0.148718 0.256382
0 0.871282 0.966866 0.177436 0.223791
0 0.823077 1.227594 0.152821 0.215100
0 0.820513 1.508963 0.209231 0.349810
0 0.651282 0.402499 0.201026 0.309614
0 0.626667 0.712656 0.231795 0.271592
0 0.597949 1.004889 0.223590 0.293319
0 0.547179 1.221076 0.150769 0.139055
0 0.589744 1.543726 0.207179 0.391092